/*--------------------------------*- C++ -*----------------------------------*\
  =========                 |
  \\      /  F ield         | OpenFOAM: The Open Source CFD Toolbox
   \\    /   O peration     | Website:  https://openfoam.org
    \\  /    A nd           | Version:  12
     \\/     M anipulation  |
\*---------------------------------------------------------------------------*/
FoamFile
{
    format      ascii;
    class       labelList;
    note        "nPoints: 1883 nCells: 1560 nFaces: 4988 nInternalFaces: 4156";
    location    "constant/polyMesh";
    object      neighbour;
}
// * * * * * * * * * * * * * * * * * * * * * * * * * * * * * * * * * * * * * //


4156
(
1
4
16
372
473
2
5
17
360
3
6
18
348
7
19
180
336
5
8
20
461
6
9
21
7
10
22
11
23
168
9
12
24
449
10
13
25
11
14
26
15
27
156
13
28
281
437
14
29
269
15
30
257
31
144
245
17
20
32
373
472
18
21
33
361
19
22
34
349
23
35
181
337
21
24
36
460
22
25
37
23
26
38
27
39
169
25
28
40
448
26
29
41
27
30
42
31
43
157
29
44
280
436
30
45
268
31
46
256
47
145
244
33
36
48
374
471
34
37
49
362
35
38
50
350
39
51
182
338
37
40
52
459
38
41
53
39
42
54
43
55
170
41
44
56
447
42
45
57
43
46
58
47
59
158
45
60
279
435
46
61
267
47
62
255
63
146
243
49
52
64
375
470
50
53
65
363
51
54
66
351
55
67
183
339
53
56
68
458
54
57
69
55
58
70
59
71
171
57
60
72
446
58
61
73
59
62
74
63
75
159
61
76
278
434
62
77
266
63
78
254
79
147
242
65
68
80
376
469
66
69
81
364
67
70
82
352
71
83
184
340
69
72
84
457
70
73
85
71
74
86
75
87
172
73
76
88
445
74
77
89
75
78
90
79
91
160
77
92
277
433
78
93
265
79
94
253
95
148
241
81
84
377
468
82
85
365
83
86
353
87
185
341
85
88
456
86
89
87
90
91
173
89
92
444
90
93
91
94
95
161
93
276
432
94
264
95
252
149
240
97
102
330
1373
98
103
331
1372
99
104
332
1371
100
105
333
1370
101
106
334
1369
107
335
1368
103
108
186
1397
104
109
187
1396
105
110
188
1395
106
111
189
1394
107
112
190
1393
113
191
1392
109
114
1421
110
115
1420
111
116
1419
112
117
1418
113
118
1417
119
1416
115
120
174
1445
116
121
175
1444
117
122
176
1443
118
123
177
1442
119
124
178
1441
125
179
1440
121
126
162
1469
122
127
163
1468
123
128
164
1467
124
129
165
1466
125
130
166
1465
131
167
1464
127
132
1493
128
133
1492
129
134
1491
130
135
1490
131
136
1489
137
1488
133
138
150
1517
134
139
151
1516
135
140
152
1515
136
141
153
1514
137
142
154
1513
143
155
1512
139
239
1541
140
238
1540
141
237
1539
142
236
1538
143
235
1537
234
1536
145
150
156
245
146
151
157
244
147
152
158
243
148
153
159
242
149
154
160
241
155
161
240
151
162
251
152
163
250
153
164
249
154
165
248
155
166
247
167
246
157
162
168
158
163
169
159
164
170
160
165
171
161
166
172
167
173
163
174
164
175
165
176
166
177
167
178
179
169
174
180
170
175
181
171
176
182
172
177
183
173
178
184
179
185
175
186
176
187
177
188
178
189
179
190
191
181
186
336
182
187
337
183
188
338
184
189
339
185
190
340
191
341
187
342
188
343
189
344
190
345
191
346
347
193
198
426
1103
194
199
427
1102
195
200
428
1101
196
201
429
1100
197
202
430
1099
203
431
1098
199
204
282
1127
200
205
283
1126
201
206
284
1125
202
207
285
1124
203
208
286
1123
209
287
1122
205
210
1151
206
211
1150
207
212
1149
208
213
1148
209
214
1147
215
1146
211
216
270
1175
212
217
271
1174
213
218
272
1173
214
219
273
1172
215
220
274
1171
221
275
1170
217
222
258
1199
218
223
259
1198
219
224
260
1197
220
225
261
1196
221
226
262
1195
227
263
1194
223
228
1223
224
229
1222
225
230
1221
226
231
1220
227
232
1219
233
1218
229
234
246
1247
230
235
247
1246
231
236
248
1245
232
237
249
1244
233
238
250
1243
239
251
1242
235
1271
236
1270
237
1269
238
1268
239
1267
1266
241
246
252
242
247
253
243
248
254
244
249
255
245
250
256
251
257
247
258
248
259
249
260
250
261
251
262
263
253
258
264
254
259
265
255
260
266
256
261
267
257
262
268
263
269
259
270
260
271
261
272
262
273
263
274
275
265
270
276
266
271
277
267
272
278
268
273
279
269
274
280
275
281
271
282
272
283
273
284
274
285
275
286
287
277
282
432
278
283
433
279
284
434
280
285
435
281
286
436
287
437
283
438
284
439
285
440
286
441
287
442
443
289
294
389
996
290
295
388
997
291
296
387
998
292
297
386
999
293
298
385
1000
299
384
1001
295
300
378
972
296
301
379
973
297
302
380
974
298
303
381
975
299
304
382
976
305
383
977
301
306
948
302
307
949
303
308
950
304
309
951
305
310
952
311
953
307
312
366
924
308
313
367
925
309
314
368
926
310
315
369
927
311
316
370
928
317
371
929
313
318
354
900
314
319
355
901
315
320
356
902
316
321
357
903
317
322
358
904
323
359
905
319
324
876
320
325
877
321
326
878
322
327
879
323
328
880
329
881
325
330
342
852
326
331
343
853
327
332
344
854
328
333
345
855
329
334
346
856
335
347
857
331
828
332
829
333
830
334
831
335
832
833
337
342
348
338
343
349
339
344
350
340
345
351
341
346
352
347
353
343
354
344
355
345
356
346
357
347
358
359
349
354
360
350
355
361
351
356
362
352
357
363
353
358
364
359
365
355
366
356
367
357
368
358
369
359
370
371
361
366
372
362
367
373
363
368
374
364
369
375
365
370
376
371
377
367
378
368
379
369
380
370
381
371
382
383
373
378
473
374
379
472
375
380
471
376
381
470
377
382
469
383
468
379
479
380
478
381
477
382
476
383
475
474
385
390
726
386
391
727
387
392
728
388
393
729
389
394
730
395
731
391
396
474
702
392
397
475
703
393
398
476
704
394
399
477
705
395
400
478
706
401
479
707
397
402
678
398
403
679
399
404
680
400
405
681
401
406
682
407
683
403
408
462
654
404
409
463
655
405
410
464
656
406
411
465
657
407
412
466
658
413
467
659
409
414
450
630
410
415
451
631
411
416
452
632
412
417
453
633
413
418
454
634
419
455
635
415
420
606
416
421
607
417
422
608
418
423
609
419
424
610
425
611
421
426
438
582
422
427
439
583
423
428
440
584
424
429
441
585
425
430
442
586
431
443
587
427
558
428
559
429
560
430
561
431
562
563
433
438
444
434
439
445
435
440
446
436
441
447
437
442
448
443
449
439
450
440
451
441
452
442
453
443
454
455
445
450
456
446
451
457
447
452
458
448
453
459
449
454
460
455
461
451
462
452
463
453
464
454
465
455
466
467
457
462
468
458
463
469
459
464
470
460
465
471
461
466
472
467
473
463
474
464
475
465
476
466
477
467
478
479
469
474
470
475
471
476
472
477
473
478
479
475
476
477
478
479
481
486
755
482
487
754
483
488
753
484
489
752
485
490
751
491
750
487
492
744
488
493
745
489
494
746
490
495
747
491
496
748
497
749
493
498
720
494
499
721
495
500
722
496
501
723
497
502
724
503
725
499
504
500
505
501
506
502
507
503
508
509
505
510
696
506
511
697
507
512
698
508
513
699
509
514
700
515
701
511
516
672
512
517
673
513
518
674
514
519
675
515
520
676
521
677
517
522
518
523
519
524
520
525
521
526
527
523
528
648
524
529
649
525
530
650
526
531
651
527
532
652
533
653
529
534
624
530
535
625
531
536
626
532
537
627
533
538
628
539
629
535
540
536
541
537
542
538
543
539
544
545
541
546
600
542
547
601
543
548
602
544
549
603
545
550
604
551
605
547
552
576
548
553
577
549
554
578
550
555
579
551
556
580
557
581
553
1097
554
1096
555
1095
556
1094
557
1093
1092
559
564
582
1103
560
565
583
1102
561
566
584
1101
562
567
585
1100
563
568
586
1099
569
587
1098
565
570
588
1109
566
571
589
1108
567
572
590
1107
568
573
591
1106
569
574
592
1105
575
593
1104
571
576
594
1115
572
577
595
1114
573
578
596
1113
574
579
597
1112
575
580
598
1111
581
599
1110
577
600
1121
578
601
1120
579
602
1119
580
603
1118
581
604
1117
605
1116
583
588
606
584
589
607
585
590
608
586
591
609
587
592
610
593
611
589
594
612
590
595
613
591
596
614
592
597
615
593
598
616
599
617
595
600
618
596
601
619
597
602
620
598
603
621
599
604
622
605
623
601
624
602
625
603
626
604
627
605
628
629
607
612
630
608
613
631
609
614
632
610
615
633
611
616
634
617
635
613
618
636
614
619
637
615
620
638
616
621
639
617
622
640
623
641
619
624
642
620
625
643
621
626
644
622
627
645
623
628
646
629
647
625
648
626
649
627
650
628
651
629
652
653
631
636
654
632
637
655
633
638
656
634
639
657
635
640
658
641
659
637
642
660
638
643
661
639
644
662
640
645
663
641
646
664
647
665
643
648
666
644
649
667
645
650
668
646
651
669
647
652
670
653
671
649
672
650
673
651
674
652
675
653
676
677
655
660
678
656
661
679
657
662
680
658
663
681
659
664
682
665
683
661
666
684
662
667
685
663
668
686
664
669
687
665
670
688
671
689
667
672
690
668
673
691
669
674
692
670
675
693
671
676
694
677
695
673
696
674
697
675
698
676
699
677
700
701
679
684
702
680
685
703
681
686
704
682
687
705
683
688
706
689
707
685
690
708
686
691
709
687
692
710
688
693
711
689
694
712
695
713
691
696
714
692
697
715
693
698
716
694
699
717
695
700
718
701
719
697
720
698
721
699
722
700
723
701
724
725
703
708
726
704
709
727
705
710
728
706
711
729
707
712
730
713
731
709
714
732
710
715
733
711
716
734
712
717
735
713
718
736
719
737
715
720
738
716
721
739
717
722
740
718
723
741
719
724
742
725
743
721
744
722
745
723
746
724
747
725
748
749
727
732
1001
728
733
1000
729
734
999
730
735
998
731
736
997
737
996
733
738
1007
734
739
1006
735
740
1005
736
741
1004
737
742
1003
743
1002
739
744
1013
740
745
1012
741
746
1011
742
747
1010
743
748
1009
749
1008
745
1019
746
1018
747
1017
748
1016
749
1015
1014
751
756
752
757
753
758
754
759
755
760
761
757
762
1014
758
763
1015
759
764
1016
760
765
1017
761
766
1018
767
1019
763
768
990
764
769
991
765
770
992
766
771
993
767
772
994
773
995
769
774
770
775
771
776
772
777
773
778
779
775
780
966
776
781
967
777
782
968
778
783
969
779
784
970
785
971
781
786
942
782
787
943
783
788
944
784
789
945
785
790
946
791
947
787
792
788
793
789
794
790
795
791
796
797
793
798
918
794
799
919
795
800
920
796
801
921
797
802
922
803
923
799
804
894
800
805
895
801
806
896
802
807
897
803
808
898
809
899
805
810
806
811
807
812
808
813
809
814
815
811
816
870
812
817
871
813
818
872
814
819
873
815
820
874
821
875
817
822
846
818
823
847
819
824
848
820
825
849
821
826
850
827
851
823
1367
824
1366
825
1365
826
1364
827
1363
1362
829
834
852
1373
830
835
853
1372
831
836
854
1371
832
837
855
1370
833
838
856
1369
839
857
1368
835
840
858
1379
836
841
859
1378
837
842
860
1377
838
843
861
1376
839
844
862
1375
845
863
1374
841
846
864
1385
842
847
865
1384
843
848
866
1383
844
849
867
1382
845
850
868
1381
851
869
1380
847
870
1391
848
871
1390
849
872
1389
850
873
1388
851
874
1387
875
1386
853
858
876
854
859
877
855
860
878
856
861
879
857
862
880
863
881
859
864
882
860
865
883
861
866
884
862
867
885
863
868
886
869
887
865
870
888
866
871
889
867
872
890
868
873
891
869
874
892
875
893
871
894
872
895
873
896
874
897
875
898
899
877
882
900
878
883
901
879
884
902
880
885
903
881
886
904
887
905
883
888
906
884
889
907
885
890
908
886
891
909
887
892
910
893
911
889
894
912
890
895
913
891
896
914
892
897
915
893
898
916
899
917
895
918
896
919
897
920
898
921
899
922
923
901
906
924
902
907
925
903
908
926
904
909
927
905
910
928
911
929
907
912
930
908
913
931
909
914
932
910
915
933
911
916
934
917
935
913
918
936
914
919
937
915
920
938
916
921
939
917
922
940
923
941
919
942
920
943
921
944
922
945
923
946
947
925
930
948
926
931
949
927
932
950
928
933
951
929
934
952
935
953
931
936
954
932
937
955
933
938
956
934
939
957
935
940
958
941
959
937
942
960
938
943
961
939
944
962
940
945
963
941
946
964
947
965
943
966
944
967
945
968
946
969
947
970
971
949
954
972
950
955
973
951
956
974
952
957
975
953
958
976
959
977
955
960
978
956
961
979
957
962
980
958
963
981
959
964
982
965
983
961
966
984
962
967
985
963
968
986
964
969
987
965
970
988
971
989
967
990
968
991
969
992
970
993
971
994
995
973
978
996
974
979
997
975
980
998
976
981
999
977
982
1000
983
1001
979
984
1002
980
985
1003
981
986
1004
982
987
1005
983
988
1006
989
1007
985
990
1008
986
991
1009
987
992
1010
988
993
1011
989
994
1012
995
1013
991
1014
992
1015
993
1016
994
1017
995
1018
1019
997
1002
998
1003
999
1004
1000
1005
1001
1006
1007
1003
1008
1004
1009
1005
1010
1006
1011
1007
1012
1013
1009
1014
1010
1015
1011
1016
1012
1017
1013
1018
1019
1015
1016
1017
1018
1019
1021
1026
1295
1022
1027
1294
1023
1028
1293
1024
1029
1292
1025
1030
1291
1031
1290
1027
1032
1284
1028
1033
1285
1029
1034
1286
1030
1035
1287
1031
1036
1288
1037
1289
1033
1038
1260
1034
1039
1261
1035
1040
1262
1036
1041
1263
1037
1042
1264
1043
1265
1039
1044
1040
1045
1041
1046
1042
1047
1043
1048
1049
1045
1050
1236
1046
1051
1237
1047
1052
1238
1048
1053
1239
1049
1054
1240
1055
1241
1051
1056
1212
1052
1057
1213
1053
1058
1214
1054
1059
1215
1055
1060
1216
1061
1217
1057
1062
1058
1063
1059
1064
1060
1065
1061
1066
1067
1063
1068
1188
1064
1069
1189
1065
1070
1190
1066
1071
1191
1067
1072
1192
1073
1193
1069
1074
1164
1070
1075
1165
1071
1076
1166
1072
1077
1167
1073
1078
1168
1079
1169
1075
1080
1076
1081
1077
1082
1078
1083
1079
1084
1085
1081
1086
1140
1082
1087
1141
1083
1088
1142
1084
1089
1143
1085
1090
1144
1091
1145
1087
1092
1116
1088
1093
1117
1089
1094
1118
1090
1095
1119
1091
1096
1120
1097
1121
1093
1094
1095
1096
1097
1099
1104
1122
1100
1105
1123
1101
1106
1124
1102
1107
1125
1103
1108
1126
1109
1127
1105
1110
1128
1106
1111
1129
1107
1112
1130
1108
1113
1131
1109
1114
1132
1115
1133
1111
1116
1134
1112
1117
1135
1113
1118
1136
1114
1119
1137
1115
1120
1138
1121
1139
1117
1140
1118
1141
1119
1142
1120
1143
1121
1144
1145
1123
1128
1146
1124
1129
1147
1125
1130
1148
1126
1131
1149
1127
1132
1150
1133
1151
1129
1134
1152
1130
1135
1153
1131
1136
1154
1132
1137
1155
1133
1138
1156
1139
1157
1135
1140
1158
1136
1141
1159
1137
1142
1160
1138
1143
1161
1139
1144
1162
1145
1163
1141
1164
1142
1165
1143
1166
1144
1167
1145
1168
1169
1147
1152
1170
1148
1153
1171
1149
1154
1172
1150
1155
1173
1151
1156
1174
1157
1175
1153
1158
1176
1154
1159
1177
1155
1160
1178
1156
1161
1179
1157
1162
1180
1163
1181
1159
1164
1182
1160
1165
1183
1161
1166
1184
1162
1167
1185
1163
1168
1186
1169
1187
1165
1188
1166
1189
1167
1190
1168
1191
1169
1192
1193
1171
1176
1194
1172
1177
1195
1173
1178
1196
1174
1179
1197
1175
1180
1198
1181
1199
1177
1182
1200
1178
1183
1201
1179
1184
1202
1180
1185
1203
1181
1186
1204
1187
1205
1183
1188
1206
1184
1189
1207
1185
1190
1208
1186
1191
1209
1187
1192
1210
1193
1211
1189
1212
1190
1213
1191
1214
1192
1215
1193
1216
1217
1195
1200
1218
1196
1201
1219
1197
1202
1220
1198
1203
1221
1199
1204
1222
1205
1223
1201
1206
1224
1202
1207
1225
1203
1208
1226
1204
1209
1227
1205
1210
1228
1211
1229
1207
1212
1230
1208
1213
1231
1209
1214
1232
1210
1215
1233
1211
1216
1234
1217
1235
1213
1236
1214
1237
1215
1238
1216
1239
1217
1240
1241
1219
1224
1242
1220
1225
1243
1221
1226
1244
1222
1227
1245
1223
1228
1246
1229
1247
1225
1230
1248
1226
1231
1249
1227
1232
1250
1228
1233
1251
1229
1234
1252
1235
1253
1231
1236
1254
1232
1237
1255
1233
1238
1256
1234
1239
1257
1235
1240
1258
1241
1259
1237
1260
1238
1261
1239
1262
1240
1263
1241
1264
1265
1243
1248
1266
1244
1249
1267
1245
1250
1268
1246
1251
1269
1247
1252
1270
1253
1271
1249
1254
1272
1250
1255
1273
1251
1256
1274
1252
1257
1275
1253
1258
1276
1259
1277
1255
1260
1278
1256
1261
1279
1257
1262
1280
1258
1263
1281
1259
1264
1282
1265
1283
1261
1284
1262
1285
1263
1286
1264
1287
1265
1288
1289
1267
1272
1541
1268
1273
1540
1269
1274
1539
1270
1275
1538
1271
1276
1537
1277
1536
1273
1278
1547
1274
1279
1546
1275
1280
1545
1276
1281
1544
1277
1282
1543
1283
1542
1279
1284
1553
1280
1285
1552
1281
1286
1551
1282
1287
1550
1283
1288
1549
1289
1548
1285
1559
1286
1558
1287
1557
1288
1556
1289
1555
1554
1291
1296
1292
1297
1293
1298
1294
1299
1295
1300
1301
1297
1302
1554
1298
1303
1555
1299
1304
1556
1300
1305
1557
1301
1306
1558
1307
1559
1303
1308
1530
1304
1309
1531
1305
1310
1532
1306
1311
1533
1307
1312
1534
1313
1535
1309
1314
1310
1315
1311
1316
1312
1317
1313
1318
1319
1315
1320
1506
1316
1321
1507
1317
1322
1508
1318
1323
1509
1319
1324
1510
1325
1511
1321
1326
1482
1322
1327
1483
1323
1328
1484
1324
1329
1485
1325
1330
1486
1331
1487
1327
1332
1328
1333
1329
1334
1330
1335
1331
1336
1337
1333
1338
1458
1334
1339
1459
1335
1340
1460
1336
1341
1461
1337
1342
1462
1343
1463
1339
1344
1434
1340
1345
1435
1341
1346
1436
1342
1347
1437
1343
1348
1438
1349
1439
1345
1350
1346
1351
1347
1352
1348
1353
1349
1354
1355
1351
1356
1410
1352
1357
1411
1353
1358
1412
1354
1359
1413
1355
1360
1414
1361
1415
1357
1362
1386
1358
1363
1387
1359
1364
1388
1360
1365
1389
1361
1366
1390
1367
1391
1363
1364
1365
1366
1367
1369
1374
1392
1370
1375
1393
1371
1376
1394
1372
1377
1395
1373
1378
1396
1379
1397
1375
1380
1398
1376
1381
1399
1377
1382
1400
1378
1383
1401
1379
1384
1402
1385
1403
1381
1386
1404
1382
1387
1405
1383
1388
1406
1384
1389
1407
1385
1390
1408
1391
1409
1387
1410
1388
1411
1389
1412
1390
1413
1391
1414
1415
1393
1398
1416
1394
1399
1417
1395
1400
1418
1396
1401
1419
1397
1402
1420
1403
1421
1399
1404
1422
1400
1405
1423
1401
1406
1424
1402
1407
1425
1403
1408
1426
1409
1427
1405
1410
1428
1406
1411
1429
1407
1412
1430
1408
1413
1431
1409
1414
1432
1415
1433
1411
1434
1412
1435
1413
1436
1414
1437
1415
1438
1439
1417
1422
1440
1418
1423
1441
1419
1424
1442
1420
1425
1443
1421
1426
1444
1427
1445
1423
1428
1446
1424
1429
1447
1425
1430
1448
1426
1431
1449
1427
1432
1450
1433
1451
1429
1434
1452
1430
1435
1453
1431
1436
1454
1432
1437
1455
1433
1438
1456
1439
1457
1435
1458
1436
1459
1437
1460
1438
1461
1439
1462
1463
1441
1446
1464
1442
1447
1465
1443
1448
1466
1444
1449
1467
1445
1450
1468
1451
1469
1447
1452
1470
1448
1453
1471
1449
1454
1472
1450
1455
1473
1451
1456
1474
1457
1475
1453
1458
1476
1454
1459
1477
1455
1460
1478
1456
1461
1479
1457
1462
1480
1463
1481
1459
1482
1460
1483
1461
1484
1462
1485
1463
1486
1487
1465
1470
1488
1466
1471
1489
1467
1472
1490
1468
1473
1491
1469
1474
1492
1475
1493
1471
1476
1494
1472
1477
1495
1473
1478
1496
1474
1479
1497
1475
1480
1498
1481
1499
1477
1482
1500
1478
1483
1501
1479
1484
1502
1480
1485
1503
1481
1486
1504
1487
1505
1483
1506
1484
1507
1485
1508
1486
1509
1487
1510
1511
1489
1494
1512
1490
1495
1513
1491
1496
1514
1492
1497
1515
1493
1498
1516
1499
1517
1495
1500
1518
1496
1501
1519
1497
1502
1520
1498
1503
1521
1499
1504
1522
1505
1523
1501
1506
1524
1502
1507
1525
1503
1508
1526
1504
1509
1527
1505
1510
1528
1511
1529
1507
1530
1508
1531
1509
1532
1510
1533
1511
1534
1535
1513
1518
1536
1514
1519
1537
1515
1520
1538
1516
1521
1539
1517
1522
1540
1523
1541
1519
1524
1542
1520
1525
1543
1521
1526
1544
1522
1527
1545
1523
1528
1546
1529
1547
1525
1530
1548
1526
1531
1549
1527
1532
1550
1528
1533
1551
1529
1534
1552
1535
1553
1531
1554
1532
1555
1533
1556
1534
1557
1535
1558
1559
1537
1542
1538
1543
1539
1544
1540
1545
1541
1546
1547
1543
1548
1544
1549
1545
1550
1546
1551
1547
1552
1553
1549
1554
1550
1555
1551
1556
1552
1557
1553
1558
1559
1555
1556
1557
1558
1559
)


// ************************************************************************* //
