/*--------------------------------*- C++ -*----------------------------------*\
  =========                 |
  \\      /  F ield         | OpenFOAM: The Open Source CFD Toolbox
   \\    /   O peration     | Website:  https://openfoam.org
    \\  /    A nd           | Version:  13
     \\/     M anipulation  |
\*---------------------------------------------------------------------------*/
FoamFile
{
    format      ascii;
    class       vectorField;
    location    "constant/polyMesh";
    object      points;
}
// * * * * * * * * * * * * * * * * * * * * * * * * * * * * * * * * * * * * * //


1331
(
(-0.5 -0.5 -0.5)
(-0.4 -0.5 -0.5)
(-0.3 -0.5 -0.5)
(-0.2 -0.5 -0.5)
(-0.1 -0.5 -0.5)
(0 -0.5 -0.5)
(0.1 -0.5 -0.5)
(0.2 -0.5 -0.5)
(0.3 -0.5 -0.5)
(0.4 -0.5 -0.5)
(0.5 -0.5 -0.5)
(-0.5 -0.4 -0.5)
(-0.4 -0.4 -0.5)
(-0.3 -0.4 -0.5)
(-0.2 -0.4 -0.5)
(-0.1 -0.4 -0.5)
(0 -0.4 -0.5)
(0.1 -0.4 -0.5)
(0.2 -0.4 -0.5)
(0.3 -0.4 -0.5)
(0.4 -0.4 -0.5)
(0.5 -0.4 -0.5)
(-0.5 -0.3 -0.5)
(-0.4 -0.3 -0.5)
(-0.3 -0.3 -0.5)
(-0.2 -0.3 -0.5)
(-0.1 -0.3 -0.5)
(0 -0.3 -0.5)
(0.1 -0.3 -0.5)
(0.2 -0.3 -0.5)
(0.3 -0.3 -0.5)
(0.4 -0.3 -0.5)
(0.5 -0.3 -0.5)
(-0.5 -0.2 -0.5)
(-0.4 -0.2 -0.5)
(-0.3 -0.2 -0.5)
(-0.2 -0.2 -0.5)
(-0.1 -0.2 -0.5)
(0 -0.2 -0.5)
(0.1 -0.2 -0.5)
(0.2 -0.2 -0.5)
(0.3 -0.2 -0.5)
(0.4 -0.2 -0.5)
(0.5 -0.2 -0.5)
(-0.5 -0.1 -0.5)
(-0.4 -0.1 -0.5)
(-0.3 -0.1 -0.5)
(-0.2 -0.1 -0.5)
(-0.1 -0.1 -0.5)
(0 -0.1 -0.5)
(0.1 -0.1 -0.5)
(0.2 -0.1 -0.5)
(0.3 -0.1 -0.5)
(0.4 -0.1 -0.5)
(0.5 -0.1 -0.5)
(-0.5 0 -0.5)
(-0.4 0 -0.5)
(-0.3 0 -0.5)
(-0.2 0 -0.5)
(-0.1 0 -0.5)
(0 0 -0.5)
(0.1 0 -0.5)
(0.2 0 -0.5)
(0.3 0 -0.5)
(0.4 0 -0.5)
(0.5 0 -0.5)
(-0.5 0.1 -0.5)
(-0.4 0.1 -0.5)
(-0.3 0.1 -0.5)
(-0.2 0.1 -0.5)
(-0.1 0.1 -0.5)
(0 0.1 -0.5)
(0.1 0.1 -0.5)
(0.2 0.1 -0.5)
(0.3 0.1 -0.5)
(0.4 0.1 -0.5)
(0.5 0.1 -0.5)
(-0.5 0.2 -0.5)
(-0.4 0.2 -0.5)
(-0.3 0.2 -0.5)
(-0.2 0.2 -0.5)
(-0.1 0.2 -0.5)
(0 0.2 -0.5)
(0.1 0.2 -0.5)
(0.2 0.2 -0.5)
(0.3 0.2 -0.5)
(0.4 0.2 -0.5)
(0.5 0.2 -0.5)
(-0.5 0.3 -0.5)
(-0.4 0.3 -0.5)
(-0.3 0.3 -0.5)
(-0.2 0.3 -0.5)
(-0.1 0.3 -0.5)
(0 0.3 -0.5)
(0.1 0.3 -0.5)
(0.2 0.3 -0.5)
(0.3 0.3 -0.5)
(0.4 0.3 -0.5)
(0.5 0.3 -0.5)
(-0.5 0.4 -0.5)
(-0.4 0.4 -0.5)
(-0.3 0.4 -0.5)
(-0.2 0.4 -0.5)
(-0.1 0.4 -0.5)
(0 0.4 -0.5)
(0.1 0.4 -0.5)
(0.2 0.4 -0.5)
(0.3 0.4 -0.5)
(0.4 0.4 -0.5)
(0.5 0.4 -0.5)
(-0.5 0.5 -0.5)
(-0.4 0.5 -0.5)
(-0.3 0.5 -0.5)
(-0.2 0.5 -0.5)
(-0.1 0.5 -0.5)
(0 0.5 -0.5)
(0.1 0.5 -0.5)
(0.2 0.5 -0.5)
(0.3 0.5 -0.5)
(0.4 0.5 -0.5)
(0.5 0.5 -0.5)
(-0.5 -0.5 -0.4)
(-0.4 -0.5 -0.4)
(-0.3 -0.5 -0.4)
(-0.2 -0.5 -0.4)
(-0.1 -0.5 -0.4)
(0 -0.5 -0.4)
(0.1 -0.5 -0.4)
(0.2 -0.5 -0.4)
(0.3 -0.5 -0.4)
(0.4 -0.5 -0.4)
(0.5 -0.5 -0.4)
(-0.5 -0.4 -0.4)
(-0.4 -0.4 -0.4)
(-0.3 -0.4 -0.4)
(-0.2 -0.4 -0.4)
(-0.1 -0.4 -0.4)
(0 -0.4 -0.4)
(0.1 -0.4 -0.4)
(0.2 -0.4 -0.4)
(0.3 -0.4 -0.4)
(0.4 -0.4 -0.4)
(0.5 -0.4 -0.4)
(-0.5 -0.3 -0.4)
(-0.4 -0.3 -0.4)
(-0.3 -0.3 -0.4)
(-0.2 -0.3 -0.4)
(-0.1 -0.3 -0.4)
(0 -0.3 -0.4)
(0.1 -0.3 -0.4)
(0.2 -0.3 -0.4)
(0.3 -0.3 -0.4)
(0.4 -0.3 -0.4)
(0.5 -0.3 -0.4)
(-0.5 -0.2 -0.4)
(-0.4 -0.2 -0.4)
(-0.3 -0.2 -0.4)
(-0.2 -0.2 -0.4)
(-0.1 -0.2 -0.4)
(0 -0.2 -0.4)
(0.1 -0.2 -0.4)
(0.2 -0.2 -0.4)
(0.3 -0.2 -0.4)
(0.4 -0.2 -0.4)
(0.5 -0.2 -0.4)
(-0.5 -0.1 -0.4)
(-0.4 -0.1 -0.4)
(-0.3 -0.1 -0.4)
(-0.2 -0.1 -0.4)
(-0.1 -0.1 -0.4)
(0 -0.1 -0.4)
(0.1 -0.1 -0.4)
(0.2 -0.1 -0.4)
(0.3 -0.1 -0.4)
(0.4 -0.1 -0.4)
(0.5 -0.1 -0.4)
(-0.5 0 -0.4)
(-0.4 0 -0.4)
(-0.3 0 -0.4)
(-0.2 0 -0.4)
(-0.1 0 -0.4)
(0 0 -0.4)
(0.1 0 -0.4)
(0.2 0 -0.4)
(0.3 0 -0.4)
(0.4 0 -0.4)
(0.5 0 -0.4)
(-0.5 0.1 -0.4)
(-0.4 0.1 -0.4)
(-0.3 0.1 -0.4)
(-0.2 0.1 -0.4)
(-0.1 0.1 -0.4)
(0 0.1 -0.4)
(0.1 0.1 -0.4)
(0.2 0.1 -0.4)
(0.3 0.1 -0.4)
(0.4 0.1 -0.4)
(0.5 0.1 -0.4)
(-0.5 0.2 -0.4)
(-0.4 0.2 -0.4)
(-0.3 0.2 -0.4)
(-0.2 0.2 -0.4)
(-0.1 0.2 -0.4)
(0 0.2 -0.4)
(0.1 0.2 -0.4)
(0.2 0.2 -0.4)
(0.3 0.2 -0.4)
(0.4 0.2 -0.4)
(0.5 0.2 -0.4)
(-0.5 0.3 -0.4)
(-0.4 0.3 -0.4)
(-0.3 0.3 -0.4)
(-0.2 0.3 -0.4)
(-0.1 0.3 -0.4)
(0 0.3 -0.4)
(0.1 0.3 -0.4)
(0.2 0.3 -0.4)
(0.3 0.3 -0.4)
(0.4 0.3 -0.4)
(0.5 0.3 -0.4)
(-0.5 0.4 -0.4)
(-0.4 0.4 -0.4)
(-0.3 0.4 -0.4)
(-0.2 0.4 -0.4)
(-0.1 0.4 -0.4)
(0 0.4 -0.4)
(0.1 0.4 -0.4)
(0.2 0.4 -0.4)
(0.3 0.4 -0.4)
(0.4 0.4 -0.4)
(0.5 0.4 -0.4)
(-0.5 0.5 -0.4)
(-0.4 0.5 -0.4)
(-0.3 0.5 -0.4)
(-0.2 0.5 -0.4)
(-0.1 0.5 -0.4)
(0 0.5 -0.4)
(0.1 0.5 -0.4)
(0.2 0.5 -0.4)
(0.3 0.5 -0.4)
(0.4 0.5 -0.4)
(0.5 0.5 -0.4)
(-0.5 -0.5 -0.3)
(-0.4 -0.5 -0.3)
(-0.3 -0.5 -0.3)
(-0.2 -0.5 -0.3)
(-0.1 -0.5 -0.3)
(0 -0.5 -0.3)
(0.1 -0.5 -0.3)
(0.2 -0.5 -0.3)
(0.3 -0.5 -0.3)
(0.4 -0.5 -0.3)
(0.5 -0.5 -0.3)
(-0.5 -0.4 -0.3)
(-0.4 -0.4 -0.3)
(-0.3 -0.4 -0.3)
(-0.2 -0.4 -0.3)
(-0.1 -0.4 -0.3)
(0 -0.4 -0.3)
(0.1 -0.4 -0.3)
(0.2 -0.4 -0.3)
(0.3 -0.4 -0.3)
(0.4 -0.4 -0.3)
(0.5 -0.4 -0.3)
(-0.5 -0.3 -0.3)
(-0.4 -0.3 -0.3)
(-0.3 -0.3 -0.3)
(-0.2 -0.3 -0.3)
(-0.1 -0.3 -0.3)
(0 -0.3 -0.3)
(0.1 -0.3 -0.3)
(0.2 -0.3 -0.3)
(0.3 -0.3 -0.3)
(0.4 -0.3 -0.3)
(0.5 -0.3 -0.3)
(-0.5 -0.2 -0.3)
(-0.4 -0.2 -0.3)
(-0.3 -0.2 -0.3)
(-0.2 -0.2 -0.3)
(-0.1 -0.2 -0.3)
(0 -0.2 -0.3)
(0.1 -0.2 -0.3)
(0.2 -0.2 -0.3)
(0.3 -0.2 -0.3)
(0.4 -0.2 -0.3)
(0.5 -0.2 -0.3)
(-0.5 -0.1 -0.3)
(-0.4 -0.1 -0.3)
(-0.3 -0.1 -0.3)
(-0.2 -0.1 -0.3)
(-0.1 -0.1 -0.3)
(0 -0.1 -0.3)
(0.1 -0.1 -0.3)
(0.2 -0.1 -0.3)
(0.3 -0.1 -0.3)
(0.4 -0.1 -0.3)
(0.5 -0.1 -0.3)
(-0.5 0 -0.3)
(-0.4 0 -0.3)
(-0.3 0 -0.3)
(-0.2 0 -0.3)
(-0.1 0 -0.3)
(0 0 -0.3)
(0.1 0 -0.3)
(0.2 0 -0.3)
(0.3 0 -0.3)
(0.4 0 -0.3)
(0.5 0 -0.3)
(-0.5 0.1 -0.3)
(-0.4 0.1 -0.3)
(-0.3 0.1 -0.3)
(-0.2 0.1 -0.3)
(-0.1 0.1 -0.3)
(0 0.1 -0.3)
(0.1 0.1 -0.3)
(0.2 0.1 -0.3)
(0.3 0.1 -0.3)
(0.4 0.1 -0.3)
(0.5 0.1 -0.3)
(-0.5 0.2 -0.3)
(-0.4 0.2 -0.3)
(-0.3 0.2 -0.3)
(-0.2 0.2 -0.3)
(-0.1 0.2 -0.3)
(0 0.2 -0.3)
(0.1 0.2 -0.3)
(0.2 0.2 -0.3)
(0.3 0.2 -0.3)
(0.4 0.2 -0.3)
(0.5 0.2 -0.3)
(-0.5 0.3 -0.3)
(-0.4 0.3 -0.3)
(-0.3 0.3 -0.3)
(-0.2 0.3 -0.3)
(-0.1 0.3 -0.3)
(0 0.3 -0.3)
(0.1 0.3 -0.3)
(0.2 0.3 -0.3)
(0.3 0.3 -0.3)
(0.4 0.3 -0.3)
(0.5 0.3 -0.3)
(-0.5 0.4 -0.3)
(-0.4 0.4 -0.3)
(-0.3 0.4 -0.3)
(-0.2 0.4 -0.3)
(-0.1 0.4 -0.3)
(0 0.4 -0.3)
(0.1 0.4 -0.3)
(0.2 0.4 -0.3)
(0.3 0.4 -0.3)
(0.4 0.4 -0.3)
(0.5 0.4 -0.3)
(-0.5 0.5 -0.3)
(-0.4 0.5 -0.3)
(-0.3 0.5 -0.3)
(-0.2 0.5 -0.3)
(-0.1 0.5 -0.3)
(0 0.5 -0.3)
(0.1 0.5 -0.3)
(0.2 0.5 -0.3)
(0.3 0.5 -0.3)
(0.4 0.5 -0.3)
(0.5 0.5 -0.3)
(-0.5 -0.5 -0.2)
(-0.4 -0.5 -0.2)
(-0.3 -0.5 -0.2)
(-0.2 -0.5 -0.2)
(-0.1 -0.5 -0.2)
(0 -0.5 -0.2)
(0.1 -0.5 -0.2)
(0.2 -0.5 -0.2)
(0.3 -0.5 -0.2)
(0.4 -0.5 -0.2)
(0.5 -0.5 -0.2)
(-0.5 -0.4 -0.2)
(-0.4 -0.4 -0.2)
(-0.3 -0.4 -0.2)
(-0.2 -0.4 -0.2)
(-0.1 -0.4 -0.2)
(0 -0.4 -0.2)
(0.1 -0.4 -0.2)
(0.2 -0.4 -0.2)
(0.3 -0.4 -0.2)
(0.4 -0.4 -0.2)
(0.5 -0.4 -0.2)
(-0.5 -0.3 -0.2)
(-0.4 -0.3 -0.2)
(-0.3 -0.3 -0.2)
(-0.2 -0.3 -0.2)
(-0.1 -0.3 -0.2)
(0 -0.3 -0.2)
(0.1 -0.3 -0.2)
(0.2 -0.3 -0.2)
(0.3 -0.3 -0.2)
(0.4 -0.3 -0.2)
(0.5 -0.3 -0.2)
(-0.5 -0.2 -0.2)
(-0.4 -0.2 -0.2)
(-0.3 -0.2 -0.2)
(-0.2 -0.2 -0.2)
(-0.1 -0.2 -0.2)
(0 -0.2 -0.2)
(0.1 -0.2 -0.2)
(0.2 -0.2 -0.2)
(0.3 -0.2 -0.2)
(0.4 -0.2 -0.2)
(0.5 -0.2 -0.2)
(-0.5 -0.1 -0.2)
(-0.4 -0.1 -0.2)
(-0.3 -0.1 -0.2)
(-0.2 -0.1 -0.2)
(-0.1 -0.1 -0.2)
(0 -0.1 -0.2)
(0.1 -0.1 -0.2)
(0.2 -0.1 -0.2)
(0.3 -0.1 -0.2)
(0.4 -0.1 -0.2)
(0.5 -0.1 -0.2)
(-0.5 0 -0.2)
(-0.4 0 -0.2)
(-0.3 0 -0.2)
(-0.2 0 -0.2)
(-0.1 0 -0.2)
(0 0 -0.2)
(0.1 0 -0.2)
(0.2 0 -0.2)
(0.3 0 -0.2)
(0.4 0 -0.2)
(0.5 0 -0.2)
(-0.5 0.1 -0.2)
(-0.4 0.1 -0.2)
(-0.3 0.1 -0.2)
(-0.2 0.1 -0.2)
(-0.1 0.1 -0.2)
(0 0.1 -0.2)
(0.1 0.1 -0.2)
(0.2 0.1 -0.2)
(0.3 0.1 -0.2)
(0.4 0.1 -0.2)
(0.5 0.1 -0.2)
(-0.5 0.2 -0.2)
(-0.4 0.2 -0.2)
(-0.3 0.2 -0.2)
(-0.2 0.2 -0.2)
(-0.1 0.2 -0.2)
(0 0.2 -0.2)
(0.1 0.2 -0.2)
(0.2 0.2 -0.2)
(0.3 0.2 -0.2)
(0.4 0.2 -0.2)
(0.5 0.2 -0.2)
(-0.5 0.3 -0.2)
(-0.4 0.3 -0.2)
(-0.3 0.3 -0.2)
(-0.2 0.3 -0.2)
(-0.1 0.3 -0.2)
(0 0.3 -0.2)
(0.1 0.3 -0.2)
(0.2 0.3 -0.2)
(0.3 0.3 -0.2)
(0.4 0.3 -0.2)
(0.5 0.3 -0.2)
(-0.5 0.4 -0.2)
(-0.4 0.4 -0.2)
(-0.3 0.4 -0.2)
(-0.2 0.4 -0.2)
(-0.1 0.4 -0.2)
(0 0.4 -0.2)
(0.1 0.4 -0.2)
(0.2 0.4 -0.2)
(0.3 0.4 -0.2)
(0.4 0.4 -0.2)
(0.5 0.4 -0.2)
(-0.5 0.5 -0.2)
(-0.4 0.5 -0.2)
(-0.3 0.5 -0.2)
(-0.2 0.5 -0.2)
(-0.1 0.5 -0.2)
(0 0.5 -0.2)
(0.1 0.5 -0.2)
(0.2 0.5 -0.2)
(0.3 0.5 -0.2)
(0.4 0.5 -0.2)
(0.5 0.5 -0.2)
(-0.5 -0.5 -0.1)
(-0.4 -0.5 -0.1)
(-0.3 -0.5 -0.1)
(-0.2 -0.5 -0.1)
(-0.1 -0.5 -0.1)
(0 -0.5 -0.1)
(0.1 -0.5 -0.1)
(0.2 -0.5 -0.1)
(0.3 -0.5 -0.1)
(0.4 -0.5 -0.1)
(0.5 -0.5 -0.1)
(-0.5 -0.4 -0.1)
(-0.4 -0.4 -0.1)
(-0.3 -0.4 -0.1)
(-0.2 -0.4 -0.1)
(-0.1 -0.4 -0.1)
(0 -0.4 -0.1)
(0.1 -0.4 -0.1)
(0.2 -0.4 -0.1)
(0.3 -0.4 -0.1)
(0.4 -0.4 -0.1)
(0.5 -0.4 -0.1)
(-0.5 -0.3 -0.1)
(-0.4 -0.3 -0.1)
(-0.3 -0.3 -0.1)
(-0.2 -0.3 -0.1)
(-0.1 -0.3 -0.1)
(0 -0.3 -0.1)
(0.1 -0.3 -0.1)
(0.2 -0.3 -0.1)
(0.3 -0.3 -0.1)
(0.4 -0.3 -0.1)
(0.5 -0.3 -0.1)
(-0.5 -0.2 -0.1)
(-0.4 -0.2 -0.1)
(-0.3 -0.2 -0.1)
(-0.2 -0.2 -0.1)
(-0.1 -0.2 -0.1)
(0 -0.2 -0.1)
(0.1 -0.2 -0.1)
(0.2 -0.2 -0.1)
(0.3 -0.2 -0.1)
(0.4 -0.2 -0.1)
(0.5 -0.2 -0.1)
(-0.5 -0.1 -0.1)
(-0.4 -0.1 -0.1)
(-0.3 -0.1 -0.1)
(-0.2 -0.1 -0.1)
(-0.1 -0.1 -0.1)
(0 -0.1 -0.1)
(0.1 -0.1 -0.1)
(0.2 -0.1 -0.1)
(0.3 -0.1 -0.1)
(0.4 -0.1 -0.1)
(0.5 -0.1 -0.1)
(-0.5 0 -0.1)
(-0.4 0 -0.1)
(-0.3 0 -0.1)
(-0.2 0 -0.1)
(-0.1 0 -0.1)
(0 0 -0.1)
(0.1 0 -0.1)
(0.2 0 -0.1)
(0.3 0 -0.1)
(0.4 0 -0.1)
(0.5 0 -0.1)
(-0.5 0.1 -0.1)
(-0.4 0.1 -0.1)
(-0.3 0.1 -0.1)
(-0.2 0.1 -0.1)
(-0.1 0.1 -0.1)
(0 0.1 -0.1)
(0.1 0.1 -0.1)
(0.2 0.1 -0.1)
(0.3 0.1 -0.1)
(0.4 0.1 -0.1)
(0.5 0.1 -0.1)
(-0.5 0.2 -0.1)
(-0.4 0.2 -0.1)
(-0.3 0.2 -0.1)
(-0.2 0.2 -0.1)
(-0.1 0.2 -0.1)
(0 0.2 -0.1)
(0.1 0.2 -0.1)
(0.2 0.2 -0.1)
(0.3 0.2 -0.1)
(0.4 0.2 -0.1)
(0.5 0.2 -0.1)
(-0.5 0.3 -0.1)
(-0.4 0.3 -0.1)
(-0.3 0.3 -0.1)
(-0.2 0.3 -0.1)
(-0.1 0.3 -0.1)
(0 0.3 -0.1)
(0.1 0.3 -0.1)
(0.2 0.3 -0.1)
(0.3 0.3 -0.1)
(0.4 0.3 -0.1)
(0.5 0.3 -0.1)
(-0.5 0.4 -0.1)
(-0.4 0.4 -0.1)
(-0.3 0.4 -0.1)
(-0.2 0.4 -0.1)
(-0.1 0.4 -0.1)
(0 0.4 -0.1)
(0.1 0.4 -0.1)
(0.2 0.4 -0.1)
(0.3 0.4 -0.1)
(0.4 0.4 -0.1)
(0.5 0.4 -0.1)
(-0.5 0.5 -0.1)
(-0.4 0.5 -0.1)
(-0.3 0.5 -0.1)
(-0.2 0.5 -0.1)
(-0.1 0.5 -0.1)
(0 0.5 -0.1)
(0.1 0.5 -0.1)
(0.2 0.5 -0.1)
(0.3 0.5 -0.1)
(0.4 0.5 -0.1)
(0.5 0.5 -0.1)
(-0.5 -0.5 0)
(-0.4 -0.5 0)
(-0.3 -0.5 0)
(-0.2 -0.5 0)
(-0.1 -0.5 0)
(0 -0.5 0)
(0.1 -0.5 0)
(0.2 -0.5 0)
(0.3 -0.5 0)
(0.4 -0.5 0)
(0.5 -0.5 0)
(-0.5 -0.4 0)
(-0.4 -0.4 0)
(-0.3 -0.4 0)
(-0.2 -0.4 0)
(-0.1 -0.4 0)
(0 -0.4 0)
(0.1 -0.4 0)
(0.2 -0.4 0)
(0.3 -0.4 0)
(0.4 -0.4 0)
(0.5 -0.4 0)
(-0.5 -0.3 0)
(-0.4 -0.3 0)
(-0.3 -0.3 0)
(-0.2 -0.3 0)
(-0.1 -0.3 0)
(0 -0.3 0)
(0.1 -0.3 0)
(0.2 -0.3 0)
(0.3 -0.3 0)
(0.4 -0.3 0)
(0.5 -0.3 0)
(-0.5 -0.2 0)
(-0.4 -0.2 0)
(-0.3 -0.2 0)
(-0.2 -0.2 0)
(-0.1 -0.2 0)
(0 -0.2 0)
(0.1 -0.2 0)
(0.2 -0.2 0)
(0.3 -0.2 0)
(0.4 -0.2 0)
(0.5 -0.2 0)
(-0.5 -0.1 0)
(-0.4 -0.1 0)
(-0.3 -0.1 0)
(-0.2 -0.1 0)
(-0.1 -0.1 0)
(0 -0.1 0)
(0.1 -0.1 0)
(0.2 -0.1 0)
(0.3 -0.1 0)
(0.4 -0.1 0)
(0.5 -0.1 0)
(-0.5 0 0)
(-0.4 0 0)
(-0.3 0 0)
(-0.2 0 0)
(-0.1 0 0)
(0 0 0)
(0.1 0 0)
(0.2 0 0)
(0.3 0 0)
(0.4 0 0)
(0.5 0 0)
(-0.5 0.1 0)
(-0.4 0.1 0)
(-0.3 0.1 0)
(-0.2 0.1 0)
(-0.1 0.1 0)
(0 0.1 0)
(0.1 0.1 0)
(0.2 0.1 0)
(0.3 0.1 0)
(0.4 0.1 0)
(0.5 0.1 0)
(-0.5 0.2 0)
(-0.4 0.2 0)
(-0.3 0.2 0)
(-0.2 0.2 0)
(-0.1 0.2 0)
(0 0.2 0)
(0.1 0.2 0)
(0.2 0.2 0)
(0.3 0.2 0)
(0.4 0.2 0)
(0.5 0.2 0)
(-0.5 0.3 0)
(-0.4 0.3 0)
(-0.3 0.3 0)
(-0.2 0.3 0)
(-0.1 0.3 0)
(0 0.3 0)
(0.1 0.3 0)
(0.2 0.3 0)
(0.3 0.3 0)
(0.4 0.3 0)
(0.5 0.3 0)
(-0.5 0.4 0)
(-0.4 0.4 0)
(-0.3 0.4 0)
(-0.2 0.4 0)
(-0.1 0.4 0)
(0 0.4 0)
(0.1 0.4 0)
(0.2 0.4 0)
(0.3 0.4 0)
(0.4 0.4 0)
(0.5 0.4 0)
(-0.5 0.5 0)
(-0.4 0.5 0)
(-0.3 0.5 0)
(-0.2 0.5 0)
(-0.1 0.5 0)
(0 0.5 0)
(0.1 0.5 0)
(0.2 0.5 0)
(0.3 0.5 0)
(0.4 0.5 0)
(0.5 0.5 0)
(-0.5 -0.5 0.1)
(-0.4 -0.5 0.1)
(-0.3 -0.5 0.1)
(-0.2 -0.5 0.1)
(-0.1 -0.5 0.1)
(0 -0.5 0.1)
(0.1 -0.5 0.1)
(0.2 -0.5 0.1)
(0.3 -0.5 0.1)
(0.4 -0.5 0.1)
(0.5 -0.5 0.1)
(-0.5 -0.4 0.1)
(-0.4 -0.4 0.1)
(-0.3 -0.4 0.1)
(-0.2 -0.4 0.1)
(-0.1 -0.4 0.1)
(0 -0.4 0.1)
(0.1 -0.4 0.1)
(0.2 -0.4 0.1)
(0.3 -0.4 0.1)
(0.4 -0.4 0.1)
(0.5 -0.4 0.1)
(-0.5 -0.3 0.1)
(-0.4 -0.3 0.1)
(-0.3 -0.3 0.1)
(-0.2 -0.3 0.1)
(-0.1 -0.3 0.1)
(0 -0.3 0.1)
(0.1 -0.3 0.1)
(0.2 -0.3 0.1)
(0.3 -0.3 0.1)
(0.4 -0.3 0.1)
(0.5 -0.3 0.1)
(-0.5 -0.2 0.1)
(-0.4 -0.2 0.1)
(-0.3 -0.2 0.1)
(-0.2 -0.2 0.1)
(-0.1 -0.2 0.1)
(0 -0.2 0.1)
(0.1 -0.2 0.1)
(0.2 -0.2 0.1)
(0.3 -0.2 0.1)
(0.4 -0.2 0.1)
(0.5 -0.2 0.1)
(-0.5 -0.1 0.1)
(-0.4 -0.1 0.1)
(-0.3 -0.1 0.1)
(-0.2 -0.1 0.1)
(-0.1 -0.1 0.1)
(0 -0.1 0.1)
(0.1 -0.1 0.1)
(0.2 -0.1 0.1)
(0.3 -0.1 0.1)
(0.4 -0.1 0.1)
(0.5 -0.1 0.1)
(-0.5 0 0.1)
(-0.4 0 0.1)
(-0.3 0 0.1)
(-0.2 0 0.1)
(-0.1 0 0.1)
(0 0 0.1)
(0.1 0 0.1)
(0.2 0 0.1)
(0.3 0 0.1)
(0.4 0 0.1)
(0.5 0 0.1)
(-0.5 0.1 0.1)
(-0.4 0.1 0.1)
(-0.3 0.1 0.1)
(-0.2 0.1 0.1)
(-0.1 0.1 0.1)
(0 0.1 0.1)
(0.1 0.1 0.1)
(0.2 0.1 0.1)
(0.3 0.1 0.1)
(0.4 0.1 0.1)
(0.5 0.1 0.1)
(-0.5 0.2 0.1)
(-0.4 0.2 0.1)
(-0.3 0.2 0.1)
(-0.2 0.2 0.1)
(-0.1 0.2 0.1)
(0 0.2 0.1)
(0.1 0.2 0.1)
(0.2 0.2 0.1)
(0.3 0.2 0.1)
(0.4 0.2 0.1)
(0.5 0.2 0.1)
(-0.5 0.3 0.1)
(-0.4 0.3 0.1)
(-0.3 0.3 0.1)
(-0.2 0.3 0.1)
(-0.1 0.3 0.1)
(0 0.3 0.1)
(0.1 0.3 0.1)
(0.2 0.3 0.1)
(0.3 0.3 0.1)
(0.4 0.3 0.1)
(0.5 0.3 0.1)
(-0.5 0.4 0.1)
(-0.4 0.4 0.1)
(-0.3 0.4 0.1)
(-0.2 0.4 0.1)
(-0.1 0.4 0.1)
(0 0.4 0.1)
(0.1 0.4 0.1)
(0.2 0.4 0.1)
(0.3 0.4 0.1)
(0.4 0.4 0.1)
(0.5 0.4 0.1)
(-0.5 0.5 0.1)
(-0.4 0.5 0.1)
(-0.3 0.5 0.1)
(-0.2 0.5 0.1)
(-0.1 0.5 0.1)
(0 0.5 0.1)
(0.1 0.5 0.1)
(0.2 0.5 0.1)
(0.3 0.5 0.1)
(0.4 0.5 0.1)
(0.5 0.5 0.1)
(-0.5 -0.5 0.2)
(-0.4 -0.5 0.2)
(-0.3 -0.5 0.2)
(-0.2 -0.5 0.2)
(-0.1 -0.5 0.2)
(0 -0.5 0.2)
(0.1 -0.5 0.2)
(0.2 -0.5 0.2)
(0.3 -0.5 0.2)
(0.4 -0.5 0.2)
(0.5 -0.5 0.2)
(-0.5 -0.4 0.2)
(-0.4 -0.4 0.2)
(-0.3 -0.4 0.2)
(-0.2 -0.4 0.2)
(-0.1 -0.4 0.2)
(0 -0.4 0.2)
(0.1 -0.4 0.2)
(0.2 -0.4 0.2)
(0.3 -0.4 0.2)
(0.4 -0.4 0.2)
(0.5 -0.4 0.2)
(-0.5 -0.3 0.2)
(-0.4 -0.3 0.2)
(-0.3 -0.3 0.2)
(-0.2 -0.3 0.2)
(-0.1 -0.3 0.2)
(0 -0.3 0.2)
(0.1 -0.3 0.2)
(0.2 -0.3 0.2)
(0.3 -0.3 0.2)
(0.4 -0.3 0.2)
(0.5 -0.3 0.2)
(-0.5 -0.2 0.2)
(-0.4 -0.2 0.2)
(-0.3 -0.2 0.2)
(-0.2 -0.2 0.2)
(-0.1 -0.2 0.2)
(0 -0.2 0.2)
(0.1 -0.2 0.2)
(0.2 -0.2 0.2)
(0.3 -0.2 0.2)
(0.4 -0.2 0.2)
(0.5 -0.2 0.2)
(-0.5 -0.1 0.2)
(-0.4 -0.1 0.2)
(-0.3 -0.1 0.2)
(-0.2 -0.1 0.2)
(-0.1 -0.1 0.2)
(0 -0.1 0.2)
(0.1 -0.1 0.2)
(0.2 -0.1 0.2)
(0.3 -0.1 0.2)
(0.4 -0.1 0.2)
(0.5 -0.1 0.2)
(-0.5 0 0.2)
(-0.4 0 0.2)
(-0.3 0 0.2)
(-0.2 0 0.2)
(-0.1 0 0.2)
(0 0 0.2)
(0.1 0 0.2)
(0.2 0 0.2)
(0.3 0 0.2)
(0.4 0 0.2)
(0.5 0 0.2)
(-0.5 0.1 0.2)
(-0.4 0.1 0.2)
(-0.3 0.1 0.2)
(-0.2 0.1 0.2)
(-0.1 0.1 0.2)
(0 0.1 0.2)
(0.1 0.1 0.2)
(0.2 0.1 0.2)
(0.3 0.1 0.2)
(0.4 0.1 0.2)
(0.5 0.1 0.2)
(-0.5 0.2 0.2)
(-0.4 0.2 0.2)
(-0.3 0.2 0.2)
(-0.2 0.2 0.2)
(-0.1 0.2 0.2)
(0 0.2 0.2)
(0.1 0.2 0.2)
(0.2 0.2 0.2)
(0.3 0.2 0.2)
(0.4 0.2 0.2)
(0.5 0.2 0.2)
(-0.5 0.3 0.2)
(-0.4 0.3 0.2)
(-0.3 0.3 0.2)
(-0.2 0.3 0.2)
(-0.1 0.3 0.2)
(0 0.3 0.2)
(0.1 0.3 0.2)
(0.2 0.3 0.2)
(0.3 0.3 0.2)
(0.4 0.3 0.2)
(0.5 0.3 0.2)
(-0.5 0.4 0.2)
(-0.4 0.4 0.2)
(-0.3 0.4 0.2)
(-0.2 0.4 0.2)
(-0.1 0.4 0.2)
(0 0.4 0.2)
(0.1 0.4 0.2)
(0.2 0.4 0.2)
(0.3 0.4 0.2)
(0.4 0.4 0.2)
(0.5 0.4 0.2)
(-0.5 0.5 0.2)
(-0.4 0.5 0.2)
(-0.3 0.5 0.2)
(-0.2 0.5 0.2)
(-0.1 0.5 0.2)
(0 0.5 0.2)
(0.1 0.5 0.2)
(0.2 0.5 0.2)
(0.3 0.5 0.2)
(0.4 0.5 0.2)
(0.5 0.5 0.2)
(-0.5 -0.5 0.3)
(-0.4 -0.5 0.3)
(-0.3 -0.5 0.3)
(-0.2 -0.5 0.3)
(-0.1 -0.5 0.3)
(0 -0.5 0.3)
(0.1 -0.5 0.3)
(0.2 -0.5 0.3)
(0.3 -0.5 0.3)
(0.4 -0.5 0.3)
(0.5 -0.5 0.3)
(-0.5 -0.4 0.3)
(-0.4 -0.4 0.3)
(-0.3 -0.4 0.3)
(-0.2 -0.4 0.3)
(-0.1 -0.4 0.3)
(0 -0.4 0.3)
(0.1 -0.4 0.3)
(0.2 -0.4 0.3)
(0.3 -0.4 0.3)
(0.4 -0.4 0.3)
(0.5 -0.4 0.3)
(-0.5 -0.3 0.3)
(-0.4 -0.3 0.3)
(-0.3 -0.3 0.3)
(-0.2 -0.3 0.3)
(-0.1 -0.3 0.3)
(0 -0.3 0.3)
(0.1 -0.3 0.3)
(0.2 -0.3 0.3)
(0.3 -0.3 0.3)
(0.4 -0.3 0.3)
(0.5 -0.3 0.3)
(-0.5 -0.2 0.3)
(-0.4 -0.2 0.3)
(-0.3 -0.2 0.3)
(-0.2 -0.2 0.3)
(-0.1 -0.2 0.3)
(0 -0.2 0.3)
(0.1 -0.2 0.3)
(0.2 -0.2 0.3)
(0.3 -0.2 0.3)
(0.4 -0.2 0.3)
(0.5 -0.2 0.3)
(-0.5 -0.1 0.3)
(-0.4 -0.1 0.3)
(-0.3 -0.1 0.3)
(-0.2 -0.1 0.3)
(-0.1 -0.1 0.3)
(0 -0.1 0.3)
(0.1 -0.1 0.3)
(0.2 -0.1 0.3)
(0.3 -0.1 0.3)
(0.4 -0.1 0.3)
(0.5 -0.1 0.3)
(-0.5 0 0.3)
(-0.4 0 0.3)
(-0.3 0 0.3)
(-0.2 0 0.3)
(-0.1 0 0.3)
(0 0 0.3)
(0.1 0 0.3)
(0.2 0 0.3)
(0.3 0 0.3)
(0.4 0 0.3)
(0.5 0 0.3)
(-0.5 0.1 0.3)
(-0.4 0.1 0.3)
(-0.3 0.1 0.3)
(-0.2 0.1 0.3)
(-0.1 0.1 0.3)
(0 0.1 0.3)
(0.1 0.1 0.3)
(0.2 0.1 0.3)
(0.3 0.1 0.3)
(0.4 0.1 0.3)
(0.5 0.1 0.3)
(-0.5 0.2 0.3)
(-0.4 0.2 0.3)
(-0.3 0.2 0.3)
(-0.2 0.2 0.3)
(-0.1 0.2 0.3)
(0 0.2 0.3)
(0.1 0.2 0.3)
(0.2 0.2 0.3)
(0.3 0.2 0.3)
(0.4 0.2 0.3)
(0.5 0.2 0.3)
(-0.5 0.3 0.3)
(-0.4 0.3 0.3)
(-0.3 0.3 0.3)
(-0.2 0.3 0.3)
(-0.1 0.3 0.3)
(0 0.3 0.3)
(0.1 0.3 0.3)
(0.2 0.3 0.3)
(0.3 0.3 0.3)
(0.4 0.3 0.3)
(0.5 0.3 0.3)
(-0.5 0.4 0.3)
(-0.4 0.4 0.3)
(-0.3 0.4 0.3)
(-0.2 0.4 0.3)
(-0.1 0.4 0.3)
(0 0.4 0.3)
(0.1 0.4 0.3)
(0.2 0.4 0.3)
(0.3 0.4 0.3)
(0.4 0.4 0.3)
(0.5 0.4 0.3)
(-0.5 0.5 0.3)
(-0.4 0.5 0.3)
(-0.3 0.5 0.3)
(-0.2 0.5 0.3)
(-0.1 0.5 0.3)
(0 0.5 0.3)
(0.1 0.5 0.3)
(0.2 0.5 0.3)
(0.3 0.5 0.3)
(0.4 0.5 0.3)
(0.5 0.5 0.3)
(-0.5 -0.5 0.4)
(-0.4 -0.5 0.4)
(-0.3 -0.5 0.4)
(-0.2 -0.5 0.4)
(-0.1 -0.5 0.4)
(0 -0.5 0.4)
(0.1 -0.5 0.4)
(0.2 -0.5 0.4)
(0.3 -0.5 0.4)
(0.4 -0.5 0.4)
(0.5 -0.5 0.4)
(-0.5 -0.4 0.4)
(-0.4 -0.4 0.4)
(-0.3 -0.4 0.4)
(-0.2 -0.4 0.4)
(-0.1 -0.4 0.4)
(0 -0.4 0.4)
(0.1 -0.4 0.4)
(0.2 -0.4 0.4)
(0.3 -0.4 0.4)
(0.4 -0.4 0.4)
(0.5 -0.4 0.4)
(-0.5 -0.3 0.4)
(-0.4 -0.3 0.4)
(-0.3 -0.3 0.4)
(-0.2 -0.3 0.4)
(-0.1 -0.3 0.4)
(0 -0.3 0.4)
(0.1 -0.3 0.4)
(0.2 -0.3 0.4)
(0.3 -0.3 0.4)
(0.4 -0.3 0.4)
(0.5 -0.3 0.4)
(-0.5 -0.2 0.4)
(-0.4 -0.2 0.4)
(-0.3 -0.2 0.4)
(-0.2 -0.2 0.4)
(-0.1 -0.2 0.4)
(0 -0.2 0.4)
(0.1 -0.2 0.4)
(0.2 -0.2 0.4)
(0.3 -0.2 0.4)
(0.4 -0.2 0.4)
(0.5 -0.2 0.4)
(-0.5 -0.1 0.4)
(-0.4 -0.1 0.4)
(-0.3 -0.1 0.4)
(-0.2 -0.1 0.4)
(-0.1 -0.1 0.4)
(0 -0.1 0.4)
(0.1 -0.1 0.4)
(0.2 -0.1 0.4)
(0.3 -0.1 0.4)
(0.4 -0.1 0.4)
(0.5 -0.1 0.4)
(-0.5 0 0.4)
(-0.4 0 0.4)
(-0.3 0 0.4)
(-0.2 0 0.4)
(-0.1 0 0.4)
(0 0 0.4)
(0.1 0 0.4)
(0.2 0 0.4)
(0.3 0 0.4)
(0.4 0 0.4)
(0.5 0 0.4)
(-0.5 0.1 0.4)
(-0.4 0.1 0.4)
(-0.3 0.1 0.4)
(-0.2 0.1 0.4)
(-0.1 0.1 0.4)
(0 0.1 0.4)
(0.1 0.1 0.4)
(0.2 0.1 0.4)
(0.3 0.1 0.4)
(0.4 0.1 0.4)
(0.5 0.1 0.4)
(-0.5 0.2 0.4)
(-0.4 0.2 0.4)
(-0.3 0.2 0.4)
(-0.2 0.2 0.4)
(-0.1 0.2 0.4)
(0 0.2 0.4)
(0.1 0.2 0.4)
(0.2 0.2 0.4)
(0.3 0.2 0.4)
(0.4 0.2 0.4)
(0.5 0.2 0.4)
(-0.5 0.3 0.4)
(-0.4 0.3 0.4)
(-0.3 0.3 0.4)
(-0.2 0.3 0.4)
(-0.1 0.3 0.4)
(0 0.3 0.4)
(0.1 0.3 0.4)
(0.2 0.3 0.4)
(0.3 0.3 0.4)
(0.4 0.3 0.4)
(0.5 0.3 0.4)
(-0.5 0.4 0.4)
(-0.4 0.4 0.4)
(-0.3 0.4 0.4)
(-0.2 0.4 0.4)
(-0.1 0.4 0.4)
(0 0.4 0.4)
(0.1 0.4 0.4)
(0.2 0.4 0.4)
(0.3 0.4 0.4)
(0.4 0.4 0.4)
(0.5 0.4 0.4)
(-0.5 0.5 0.4)
(-0.4 0.5 0.4)
(-0.3 0.5 0.4)
(-0.2 0.5 0.4)
(-0.1 0.5 0.4)
(0 0.5 0.4)
(0.1 0.5 0.4)
(0.2 0.5 0.4)
(0.3 0.5 0.4)
(0.4 0.5 0.4)
(0.5 0.5 0.4)
(-0.5 -0.5 0.5)
(-0.4 -0.5 0.5)
(-0.3 -0.5 0.5)
(-0.2 -0.5 0.5)
(-0.1 -0.5 0.5)
(0 -0.5 0.5)
(0.1 -0.5 0.5)
(0.2 -0.5 0.5)
(0.3 -0.5 0.5)
(0.4 -0.5 0.5)
(0.5 -0.5 0.5)
(-0.5 -0.4 0.5)
(-0.4 -0.4 0.5)
(-0.3 -0.4 0.5)
(-0.2 -0.4 0.5)
(-0.1 -0.4 0.5)
(0 -0.4 0.5)
(0.1 -0.4 0.5)
(0.2 -0.4 0.5)
(0.3 -0.4 0.5)
(0.4 -0.4 0.5)
(0.5 -0.4 0.5)
(-0.5 -0.3 0.5)
(-0.4 -0.3 0.5)
(-0.3 -0.3 0.5)
(-0.2 -0.3 0.5)
(-0.1 -0.3 0.5)
(0 -0.3 0.5)
(0.1 -0.3 0.5)
(0.2 -0.3 0.5)
(0.3 -0.3 0.5)
(0.4 -0.3 0.5)
(0.5 -0.3 0.5)
(-0.5 -0.2 0.5)
(-0.4 -0.2 0.5)
(-0.3 -0.2 0.5)
(-0.2 -0.2 0.5)
(-0.1 -0.2 0.5)
(0 -0.2 0.5)
(0.1 -0.2 0.5)
(0.2 -0.2 0.5)
(0.3 -0.2 0.5)
(0.4 -0.2 0.5)
(0.5 -0.2 0.5)
(-0.5 -0.1 0.5)
(-0.4 -0.1 0.5)
(-0.3 -0.1 0.5)
(-0.2 -0.1 0.5)
(-0.1 -0.1 0.5)
(0 -0.1 0.5)
(0.1 -0.1 0.5)
(0.2 -0.1 0.5)
(0.3 -0.1 0.5)
(0.4 -0.1 0.5)
(0.5 -0.1 0.5)
(-0.5 0 0.5)
(-0.4 0 0.5)
(-0.3 0 0.5)
(-0.2 0 0.5)
(-0.1 0 0.5)
(0 0 0.5)
(0.1 0 0.5)
(0.2 0 0.5)
(0.3 0 0.5)
(0.4 0 0.5)
(0.5 0 0.5)
(-0.5 0.1 0.5)
(-0.4 0.1 0.5)
(-0.3 0.1 0.5)
(-0.2 0.1 0.5)
(-0.1 0.1 0.5)
(0 0.1 0.5)
(0.1 0.1 0.5)
(0.2 0.1 0.5)
(0.3 0.1 0.5)
(0.4 0.1 0.5)
(0.5 0.1 0.5)
(-0.5 0.2 0.5)
(-0.4 0.2 0.5)
(-0.3 0.2 0.5)
(-0.2 0.2 0.5)
(-0.1 0.2 0.5)
(0 0.2 0.5)
(0.1 0.2 0.5)
(0.2 0.2 0.5)
(0.3 0.2 0.5)
(0.4 0.2 0.5)
(0.5 0.2 0.5)
(-0.5 0.3 0.5)
(-0.4 0.3 0.5)
(-0.3 0.3 0.5)
(-0.2 0.3 0.5)
(-0.1 0.3 0.5)
(0 0.3 0.5)
(0.1 0.3 0.5)
(0.2 0.3 0.5)
(0.3 0.3 0.5)
(0.4 0.3 0.5)
(0.5 0.3 0.5)
(-0.5 0.4 0.5)
(-0.4 0.4 0.5)
(-0.3 0.4 0.5)
(-0.2 0.4 0.5)
(-0.1 0.4 0.5)
(0 0.4 0.5)
(0.1 0.4 0.5)
(0.2 0.4 0.5)
(0.3 0.4 0.5)
(0.4 0.4 0.5)
(0.5 0.4 0.5)
(-0.5 0.5 0.5)
(-0.4 0.5 0.5)
(-0.3 0.5 0.5)
(-0.2 0.5 0.5)
(-0.1 0.5 0.5)
(0 0.5 0.5)
(0.1 0.5 0.5)
(0.2 0.5 0.5)
(0.3 0.5 0.5)
(0.4 0.5 0.5)
(0.5 0.5 0.5)
)


// ************************************************************************* //
