/*--------------------------------*- C++ -*----------------------------------*\
  =========                 |
  \\      /  F ield         | OpenFOAM: The Open Source CFD Toolbox
   \\    /   O peration     | Website:  https://openfoam.org
    \\  /    A nd           | Version:  12
     \\/     M anipulation  |
\*---------------------------------------------------------------------------*/
FoamFile
{
    format      ascii;
    class       faceList;
    location    "constant/polyMesh";
    object      faces;
}
// * * * * * * * * * * * * * * * * * * * * * * * * * * * * * * * * * * * * * //


2900
(
3(158 276 165)
3(276 279 165)
3(158 279 276)
3(158 165 279)
3(167 333 148)
3(167 148 129)
3(167 129 333)
3(333 129 148)
3(227 66 160)
3(67 160 66)
3(227 160 67)
3(138 137 328)
3(328 137 136)
3(138 328 136)
3(340 319 318)
3(339 340 318)
3(339 318 319)
3(339 319 340)
3(166 343 145)
3(166 144 343)
3(144 145 343)
3(166 145 144)
3(186 148 167)
3(333 186 167)
3(333 148 186)
3(181 190 278)
3(181 258 190)
3(258 278 190)
3(181 278 258)
3(10 115 140)
3(142 140 115)
3(142 115 10)
3(142 10 140)
3(151 171 187)
3(263 187 171)
3(151 187 263)
3(151 263 171)
3(326 327 315)
3(321 315 327)
3(326 315 321)
3(326 321 327)
3(326 330 324)
3(326 324 321)
3(326 321 330)
3(321 324 330)
3(340 176 191)
3(191 176 334)
3(340 191 334)
3(340 334 176)
3(188 312 192)
3(188 149 312)
3(149 192 312)
3(188 192 149)
3(169 130 131)
3(169 131 24)
3(169 24 130)
3(308 121 118)
3(108 121 308)
3(108 308 118)
3(142 338 184)
3(338 143 184)
3(142 143 338)
3(142 184 143)
3(326 328 324)
3(326 330 328)
3(328 330 324)
3(338 341 143)
3(338 143 30)
3(143 341 30)
3(338 30 341)
3(302 334 308)
3(340 302 308)
3(340 334 302)
3(340 308 334)
3(305 172 175)
3(305 158 172)
3(305 175 158)
3(158 175 172)
3(302 303 308)
3(303 334 308)
3(302 334 303)
3(316 317 122)
3(316 122 337)
3(337 122 317)
3(316 337 317)
3(303 310 320)
3(303 309 310)
3(310 309 320)
3(303 320 309)
3(174 181 336)
3(174 190 181)
3(174 336 190)
3(190 336 181)
3(355 144 145)
3(145 144 33)
3(355 145 33)
3(355 33 144)
3(347 142 345)
3(56 142 347)
3(56 345 142)
3(56 347 345)
3(178 14 161)
3(161 14 223)
3(178 161 223)
3(178 223 14)
3(153 172 253)
3(153 360 172)
3(153 253 360)
3(360 253 172)
3(154 157 343)
3(154 343 322)
3(343 157 322)
3(154 322 157)
3(331 138 326)
3(326 138 332)
3(331 332 138)
3(331 326 332)
3(152 327 190)
3(152 331 327)
3(327 331 190)
3(152 190 331)
3(341 342 338)
3(338 342 318)
3(341 338 318)
3(341 318 342)
3(161 287 185)
3(161 292 287)
3(161 185 292)
3(287 292 185)
3(125 319 126)
3(125 126 343)
3(319 343 126)
3(125 343 319)
3(332 305 331)
3(305 322 331)
3(332 322 305)
3(332 331 322)
3(305 307 331)
3(174 331 307)
3(174 307 305)
3(174 305 331)
3(341 342 175)
3(338 175 342)
3(338 341 175)
3(185 161 239)
3(287 239 161)
3(185 239 287)
3(214 362 201)
3(214 201 166)
3(362 166 201)
3(214 166 362)
3(318 305 342)
3(342 305 338)
3(318 338 305)
3(160 303 308)
3(160 308 109)
3(160 109 303)
3(303 109 308)
3(317 140 318)
3(317 340 140)
3(317 318 340)
3(340 318 140)
3(319 127 125)
3(319 125 135)
3(319 135 127)
3(141 156 113)
3(141 113 19)
3(113 156 19)
3(141 19 156)
3(127 125 166)
3(319 166 125)
3(127 166 319)
3(343 322 342)
3(319 342 322)
3(319 322 343)
3(319 343 342)
3(303 302 320)
3(310 320 302)
3(303 310 302)
3(335 192 311)
3(335 311 325)
3(311 192 325)
3(335 325 192)
3(308 302 320)
3(303 308 320)
3(335 321 325)
3(335 330 321)
3(321 330 325)
3(335 325 330)
3(190 171 327)
3(171 152 327)
3(190 152 171)
3(303 109 13)
3(116 303 13)
3(116 109 303)
3(10 29 142)
3(10 345 29)
3(142 29 345)
3(10 142 345)
3(191 340 173)
3(340 159 173)
3(191 159 340)
3(191 173 159)
3(304 123 124)
3(304 124 320)
3(304 320 123)
3(124 123 320)
3(18 112 305)
3(18 165 112)
3(18 305 165)
3(305 112 165)
3(353 354 33)
3(353 33 32)
3(354 32 33)
3(353 32 354)
3(331 327 133)
3(331 133 152)
3(152 133 327)
3(114 19 29)
3(0 114 29)
3(0 29 19)
3(20 145 125)
3(1 125 145)
3(20 1 145)
3(192 282 290)
3(192 290 297)
3(192 297 282)
3(304 335 314)
3(314 335 117)
3(304 117 335)
3(304 314 117)
3(185 333 186)
3(303 333 185)
3(303 186 333)
3(303 185 186)
3(352 355 32)
3(144 355 352)
3(144 32 355)
3(144 352 32)
3(17 181 112)
3(165 112 181)
3(165 17 112)
3(165 181 17)
3(304 119 124)
3(304 123 119)
3(189 282 192)
3(189 192 169)
3(189 169 282)
3(192 282 169)
3(119 337 120)
3(119 120 307)
3(119 307 337)
3(337 307 120)
3(157 154 33)
3(357 33 154)
3(157 357 154)
3(157 33 357)
3(326 137 328)
3(326 328 138)
3(326 138 137)
3(338 140 317)
3(317 140 115)
3(338 115 140)
3(338 317 115)
3(303 160 177)
3(303 177 13)
3(303 13 160)
3(160 13 177)
3(311 192 162)
3(178 311 162)
3(178 192 311)
3(178 162 192)
3(337 124 120)
3(337 122 124)
3(337 120 122)
3(353 212 198)
3(353 198 199)
3(353 199 212)
3(140 340 11)
3(159 11 340)
3(159 340 140)
3(159 140 11)
3(124 119 337)
3(316 121 320)
3(124 316 320)
3(124 320 121)
3(124 121 316)
3(322 319 126)
3(319 323 126)
3(322 323 319)
3(322 126 323)
3(122 118 317)
3(316 317 118)
3(122 316 118)
3(115 140 11)
3(10 11 140)
3(74 165 17)
3(225 17 165)
3(74 225 165)
3(353 350 212)
3(212 350 354)
3(353 354 350)
3(353 212 354)
3(116 121 309)
3(116 309 303)
3(116 303 121)
3(303 309 121)
3(341 343 157)
3(343 342 157)
3(341 157 342)
3(341 342 343)
3(29 338 30)
3(29 156 338)
3(338 156 30)
3(29 30 156)
3(338 317 318)
3(317 306 318)
3(338 306 317)
3(338 318 306)
3(185 311 188)
3(188 311 312)
3(185 188 312)
3(185 312 311)
3(337 119 304)
3(337 314 119)
3(337 304 314)
3(304 119 314)
3(319 184 340)
3(318 184 319)
3(318 340 184)
3(338 140 318)
3(283 91 169)
3(282 283 169)
3(282 169 91)
3(303 308 183)
3(303 183 160)
3(160 183 308)
3(304 320 337)
3(337 320 313)
3(304 313 320)
3(304 337 313)
3(142 107 29)
3(142 10 107)
3(29 107 10)
3(175 213 356)
3(213 139 356)
3(175 139 213)
3(175 356 139)
3(334 333 329)
3(334 329 302)
3(329 333 302)
3(334 302 333)
3(307 119 112)
3(307 112 120)
3(307 111 112)
3(307 119 111)
3(142 338 29)
3(142 107 338)
3(29 338 107)
3(301 331 307)
3(301 315 331)
3(331 315 307)
3(301 307 315)
3(331 301 305)
3(332 301 331)
3(332 305 301)
3(337 305 301)
3(339 337 301)
3(339 305 337)
3(339 301 305)
3(172 266 363)
3(172 363 279)
3(279 363 266)
3(172 279 266)
3(172 153 134)
3(172 134 322)
3(172 322 153)
3(153 322 134)
3(301 313 332)
3(301 330 313)
3(332 313 330)
3(301 332 330)
3(163 117 16)
3(180 16 117)
3(163 180 117)
3(163 16 180)
3(133 326 132)
3(133 327 326)
3(326 327 132)
3(133 132 327)
3(72 16 256)
3(72 256 220)
3(16 220 256)
3(326 327 331)
3(327 315 331)
3(326 331 315)
3(171 26 132)
3(171 132 133)
3(171 133 26)
3(139 349 351)
3(213 349 139)
3(213 139 351)
3(213 351 349)
3(172 27 134)
3(172 153 27)
3(153 134 27)
3(183 334 167)
3(147 334 183)
3(147 167 334)
3(147 183 167)
3(173 184 340)
3(319 184 173)
3(319 173 340)
3(343 32 341)
3(32 157 341)
3(343 157 32)
3(336 164 180)
3(336 187 164)
3(336 180 187)
3(180 164 187)
3(350 31 155)
3(350 155 349)
3(350 349 31)
3(155 31 349)
3(360 266 363)
3(360 172 266)
3(360 363 172)
3(319 184 343)
3(166 343 184)
3(319 343 166)
3(319 166 184)
3(131 132 321)
3(131 321 25)
3(25 321 132)
3(185 161 311)
3(185 311 303)
3(185 303 161)
3(303 311 161)
3(333 129 329)
3(329 129 312)
3(333 312 129)
3(333 329 312)
3(182 127 21)
3(146 127 182)
3(146 182 21)
3(146 21 127)
3(124 304 337)
3(326 132 137)
3(133 326 137)
3(124 320 337)
3(340 176 108)
3(108 176 159)
3(340 108 159)
3(340 159 176)
3(149 23 130)
3(149 130 24)
3(149 24 23)
3(331 326 133)
3(356 198 213)
3(153 213 198)
3(153 356 213)
3(153 198 356)
3(158 363 279)
3(158 172 363)
3(158 279 172)
3(331 27 134)
3(331 134 172)
3(331 172 27)
3(321 314 335)
3(193 321 335)
3(193 335 314)
3(193 314 321)
3(331 322 134)
3(138 134 322)
3(331 134 138)
3(331 138 322)
3(123 121 309)
3(123 309 116)
3(317 306 337)
3(337 306 318)
3(317 337 318)
3(182 340 173)
3(182 191 340)
3(182 173 191)
3(324 136 137)
3(130 324 137)
3(130 136 324)
3(324 328 137)
3(324 136 328)
3(319 332 342)
3(318 332 319)
3(318 342 332)
3(318 319 342)
3(307 301 305)
3(360 215 196)
3(197 360 196)
3(197 215 360)
3(140 340 115)
3(115 340 11)
3(343 33 34)
3(343 145 33)
3(343 34 145)
3(34 33 145)
3(217 59 280)
3(217 280 220)
3(280 59 220)
3(339 313 332)
3(339 301 313)
3(339 332 301)
3(304 313 335)
3(310 313 304)
3(310 304 335)
3(310 335 313)
3(356 198 212)
3(213 356 212)
3(350 32 155)
3(350 31 32)
3(32 31 155)
3(163 117 15)
3(163 15 16)
3(350 155 353)
3(350 353 349)
3(353 155 349)
3(74 181 259)
3(258 259 181)
3(74 258 181)
3(336 111 307)
3(111 314 307)
3(336 314 111)
3(336 307 314)
3(127 128 182)
3(182 128 21)
3(304 309 123)
3(320 123 309)
3(304 320 309)
3(317 340 115)
3(335 162 311)
3(335 192 162)
3(336 315 327)
3(336 321 315)
3(336 327 321)
3(336 111 181)
3(336 181 307)
3(111 307 181)
3(183 334 308)
3(303 334 183)
3(311 162 110)
3(178 110 162)
3(178 311 110)
3(335 189 325)
3(321 325 189)
3(321 189 335)
3(111 181 112)
3(17 181 111)
3(319 126 135)
3(310 311 325)
3(310 325 335)
3(310 335 311)
3(343 154 33)
3(343 33 157)
3(321 314 330)
3(335 330 314)
3(138 136 323)
3(135 138 323)
3(135 323 136)
3(89 273 9)
3(89 95 273)
3(326 137 324)
3(215 360 359)
3(360 175 359)
3(215 175 360)
3(215 359 175)
3(272 197 40)
3(272 41 197)
3(272 40 41)
3(316 121 308)
3(316 308 320)
3(308 121 320)
3(20 125 166)
3(127 20 166)
3(329 128 333)
3(334 128 329)
3(334 333 128)
3(308 176 108)
3(308 108 340)
3(308 340 176)
3(312 333 311)
3(310 312 311)
3(310 311 333)
3(310 333 312)
3(185 311 178)
3(188 178 311)
3(185 178 188)
3(343 154 126)
3(34 154 343)
3(34 343 126)
3(34 126 154)
3(350 32 353)
3(32 155 353)
3(32 352 31)
3(350 31 352)
3(32 350 352)
3(316 124 337)
3(316 122 124)
3(108 159 12)
3(108 11 159)
3(12 159 11)
3(313 339 320)
3(337 320 339)
3(337 339 313)
3(338 306 107)
3(317 338 107)
3(317 107 306)
3(343 322 126)
3(322 154 126)
3(335 110 162)
3(179 110 335)
3(179 335 162)
3(179 162 110)
3(322 342 157)
3(175 342 157)
3(322 342 175)
3(322 175 157)
3(193 289 299)
3(193 280 289)
3(193 299 280)
3(304 123 110)
3(304 117 123)
3(304 110 117)
3(341 143 318)
3(338 318 143)
3(316 302 340)
3(316 340 339)
3(316 339 302)
3(339 340 302)
3(160 13 109)
3(160 109 12)
3(160 12 13)
3(141 338 175)
3(141 305 338)
3(305 175 338)
3(141 175 305)
3(341 143 343)
3(341 343 318)
3(343 143 318)
3(341 143 32)
3(32 143 343)
3(316 308 340)
3(316 302 308)
3(338 306 114)
3(338 114 107)
3(114 306 107)
3(108 176 12)
3(12 176 159)
3(120 113 305)
3(120 305 306)
3(305 113 306)
3(120 306 113)
3(153 253 27)
3(153 27 28)
3(153 28 253)
3(328 136 323)
3(138 328 323)
3(108 340 11)
3(115 340 108)
3(332 328 326)
3(332 326 330)
3(332 330 328)
3(324 321 137)
3(326 137 321)
3(34 154 33)
3(125 126 34)
3(125 34 343)
3(175 341 157)
3(343 318 184)
3(319 318 343)
3(324 329 330)
3(328 330 329)
3(324 328 329)
3(113 112 305)
3(113 305 18)
3(322 332 342)
3(319 332 322)
3(123 110 309)
3(304 309 110)
3(148 78 249)
3(148 249 234)
3(148 234 78)
3(249 78 234)
3(130 312 324)
3(324 312 329)
3(130 324 329)
3(130 329 312)
3(138 326 133)
3(138 133 331)
3(150 25 321)
3(150 321 170)
3(170 321 25)
3(150 170 25)
3(305 120 112)
3(189 282 290)
3(189 290 192)
3(327 336 331)
3(336 315 331)
3(71 220 269)
3(71 269 59)
3(269 220 59)
3(321 315 314)
3(336 314 315)
3(336 321 314)
3(304 117 119)
3(148 167 234)
3(148 234 186)
3(167 186 234)
3(193 289 296)
3(193 296 299)
3(329 128 129)
3(129 128 333)
3(305 120 307)
3(305 307 112)
3(166 343 125)
3(166 125 145)
3(125 343 145)
3(252 293 273)
3(252 268 293)
3(293 268 273)
3(252 273 268)
3(137 321 131)
3(137 132 321)
3(131 321 150)
3(25 131 150)
3(130 325 324)
3(130 312 325)
3(324 325 312)
3(123 121 320)
3(320 121 309)
3(277 190 164)
3(258 164 190)
3(277 164 258)
3(277 258 190)
3(138 332 328)
3(122 306 337)
3(122 317 306)
3(111 164 336)
3(336 164 181)
3(111 181 164)
3(122 120 306)
3(114 122 306)
3(114 306 120)
3(130 131 325)
3(169 325 131)
3(169 130 325)
3(340 317 339)
3(318 339 317)
3(313 302 320)
3(313 339 302)
3(302 339 320)
3(290 179 289)
3(296 289 179)
3(296 179 290)
3(149 312 23)
3(168 312 149)
3(168 23 312)
3(168 149 23)
3(118 340 115)
3(118 115 317)
3(118 317 340)
3(311 312 192)
3(188 311 192)
3(140 184 340)
3(173 140 340)
3(173 184 140)
3(340 108 118)
3(343 318 342)
3(274 193 187)
3(262 274 187)
3(262 193 274)
3(262 187 193)
3(301 315 332)
3(332 315 331)
3(252 89 273)
3(293 273 89)
3(252 293 89)
3(302 332 329)
3(302 329 319)
3(319 329 332)
3(302 319 332)
3(316 118 308)
3(316 121 118)
3(144 343 184)
3(166 144 184)
3(324 131 137)
3(324 321 131)
3(324 130 131)
3(324 131 325)
3(337 305 306)
3(337 120 305)
3(337 306 120)
3(151 132 25)
3(151 321 132)
3(151 25 321)
3(335 192 189)
3(335 179 192)
3(335 189 179)
3(179 189 192)
3(285 298 168)
3(298 300 168)
3(285 168 300)
3(321 187 327)
3(336 327 187)
3(336 187 321)
3(24 92 283)
3(24 283 149)
3(283 92 149)
3(24 149 92)
3(317 107 115)
3(317 122 107)
3(317 115 122)
3(338 184 140)
3(142 338 140)
3(142 140 184)
3(318 184 338)
3(318 143 184)
3(318 184 140)
3(142 338 115)
3(324 310 329)
3(310 312 329)
3(324 312 310)
3(116 110 309)
3(308 340 118)
3(316 118 340)
3(314 313 335)
3(304 313 314)
3(24 283 91)
3(24 169 283)
3(24 91 169)
3(108 109 308)
3(308 109 121)
3(325 311 312)
3(325 312 192)
3(130 136 329)
3(324 329 136)
3(174 307 181)
3(174 165 307)
3(307 165 181)
3(174 181 165)
3(285 284 168)
3(298 168 284)
3(337 314 307)
3(119 307 314)
3(26 151 132)
3(26 25 151)
3(310 320 313)
3(302 310 313)
3(235 167 243)
3(244 243 167)
3(244 167 235)
3(326 330 315)
3(332 315 330)
3(332 326 315)
3(119 314 111)
3(111 314 117)
3(119 117 314)
3(27 172 253)
3(23 285 168)
3(23 168 344)
3(285 344 168)
3(23 344 285)
3(141 18 113)
3(141 113 305)
3(141 305 18)
3(23 285 284)
3(23 284 168)
3(150 131 169)
3(150 325 131)
3(150 169 325)
3(314 301 337)
3(337 301 307)
3(314 307 301)
3(221 359 261)
3(261 359 260)
3(221 261 260)
3(221 260 359)
3(305 172 322)
3(175 305 322)
3(175 322 172)
3(321 330 315)
3(1 126 154)
3(34 126 1)
3(34 1 154)
3(135 323 126)
3(319 323 135)
3(331 133 134)
3(331 27 133)
3(138 323 126)
3(283 297 149)
3(284 149 297)
3(284 283 149)
3(182 250 237)
3(237 250 238)
3(182 238 250)
3(182 237 238)
3(319 329 135)
3(323 135 329)
3(323 329 319)
3(174 307 336)
3(174 331 336)
3(336 331 307)
3(338 107 115)
3(150 24 25)
3(150 25 254)
3(150 254 24)
3(136 329 129)
3(130 129 329)
3(28 153 134)
3(229 69 361)
3(230 229 361)
3(230 361 69)
3(142 338 30)
3(142 30 29)
3(152 172 331)
3(174 152 331)
3(174 331 172)
3(174 172 152)
3(155 31 341)
3(155 341 139)
3(31 139 341)
3(155 139 31)
3(341 31 32)
3(341 143 31)
3(31 143 32)
3(171 151 132)
3(26 151 171)
3(310 320 304)
3(148 129 22)
3(167 22 129)
3(167 148 22)
3(94 285 249)
3(344 94 249)
3(344 249 285)
3(344 285 94)
3(136 329 128)
3(163 335 179)
3(163 117 335)
3(335 117 179)
3(163 179 117)
3(319 173 166)
3(319 146 173)
3(319 166 146)
3(146 166 173)
3(179 193 335)
3(193 163 335)
3(179 163 193)
3(168 185 333)
3(168 333 186)
3(168 186 185)
3(168 312 185)
3(168 188 312)
3(168 185 188)
3(335 110 311)
3(189 325 192)
3(333 167 183)
3(333 334 167)
3(333 183 334)
3(229 159 361)
3(159 69 361)
3(229 69 159)
3(180 274 193)
3(180 193 187)
3(180 187 274)
3(310 330 324)
3(310 329 330)
3(193 274 256)
3(193 256 267)
3(193 267 274)
3(333 186 183)
3(183 186 167)
3(130 129 312)
3(140 173 159)
3(173 361 159)
3(140 159 361)
3(140 361 173)
3(180 256 193)
3(180 274 256)
3(187 263 274)
3(187 262 263)
3(217 289 280)
3(217 59 289)
3(164 187 190)
3(277 190 187)
3(277 187 164)
3(314 330 315)
3(217 163 280)
3(280 163 289)
3(217 289 163)
3(338 139 141)
3(338 175 139)
3(139 175 141)
3(316 317 339)
3(340 317 316)
3(327 132 151)
3(327 321 132)
3(327 151 321)
3(230 231 361)
3(229 361 231)
3(136 323 329)
3(136 329 328)
3(328 329 323)
3(319 128 135)
3(128 329 135)
3(319 329 128)
3(174 190 278)
3(181 174 278)
3(332 329 330)
3(332 330 302)
3(330 329 302)
3(314 163 117)
3(314 335 163)
3(343 143 184)
3(267 193 268)
3(294 193 267)
3(294 267 268)
3(294 268 193)
3(172 322 331)
3(305 172 331)
3(274 277 187)
3(277 257 187)
3(274 187 257)
3(126 322 28)
3(154 126 28)
3(154 28 322)
3(305 322 342)
3(305 342 175)
3(321 150 189)
3(321 325 150)
3(150 325 189)
3(307 181 112)
3(321 170 189)
3(150 189 170)
3(147 167 243)
3(235 147 243)
3(235 167 147)
3(200 145 355)
3(200 144 145)
3(200 355 144)
3(301 314 313)
3(314 330 313)
3(301 330 314)
3(159 191 176)
3(159 228 191)
3(159 176 228)
3(228 176 191)
3(316 320 337)
3(277 264 190)
3(278 277 190)
3(278 190 264)
3(332 323 138)
3(332 328 323)
3(336 331 190)
3(327 336 190)
3(142 143 30)
3(174 331 190)
3(305 332 342)
3(23 129 148)
3(168 129 23)
3(168 148 129)
3(168 23 148)
3(352 212 354)
3(211 212 352)
3(211 354 212)
3(211 352 354)
3(260 165 158)
3(260 158 276)
3(260 276 165)
3(114 29 156)
3(338 29 114)
3(338 114 156)
3(144 33 343)
3(166 184 173)
3(144 32 343)
3(32 33 343)
3(144 33 32)
3(155 32 341)
3(290 179 60)
3(289 60 179)
3(310 303 311)
3(303 309 311)
3(310 311 309)
3(312 333 185)
3(185 333 311)
3(23 22 148)
3(311 178 161)
3(185 161 178)
3(305 306 318)
3(337 305 318)
3(181 165 259)
3(259 165 278)
3(181 259 278)
3(181 278 165)
3(130 312 23)
3(149 312 130)
3(338 113 306)
3(305 113 338)
3(305 338 306)
3(221 194 210)
3(221 210 53)
3(221 53 194)
3(338 139 156)
3(338 156 141)
3(141 156 139)
3(139 30 338)
3(139 156 30)
3(258 17 73)
3(74 17 258)
3(332 329 328)
3(236 182 245)
3(191 236 245)
3(191 245 182)
3(191 182 236)
3(283 169 297)
3(282 297 169)
3(111 180 314)
3(336 180 111)
3(336 314 180)
3(238 146 251)
3(238 251 362)
3(362 251 146)
3(238 362 146)
3(171 327 151)
3(327 187 151)
3(171 187 327)
3(280 267 220)
3(269 267 280)
3(269 220 267)
3(269 280 220)
3(108 109 176)
3(308 176 109)
3(321 324 325)
3(324 330 325)
3(142 115 107)
3(111 180 117)
3(180 314 117)
3(15 179 163)
3(217 179 15)
3(217 15 163)
3(217 163 179)
3(343 143 144)
3(144 143 184)
3(16 180 111)
3(164 111 180)
3(164 16 111)
3(164 180 16)
3(144 32 143)
3(126 322 134)
3(134 322 28)
3(74 181 165)
3(74 165 259)
3(128 127 319)
3(113 141 338)
3(113 338 156)
3(260 259 225)
3(260 225 165)
3(225 259 165)
3(260 165 259)
3(310 304 309)
3(304 335 309)
3(310 309 335)
3(310 312 325)
3(15 179 60)
3(15 290 179)
3(15 60 290)
3(337 307 305)
3(21 80 237)
3(81 21 237)
3(136 329 135)
3(79 22 147)
3(235 147 22)
3(79 235 22)
3(79 147 235)
3(170 321 151)
3(170 151 25)
3(21 80 182)
3(237 21 182)
3(237 182 80)
3(146 251 250)
3(250 251 238)
3(146 250 238)
3(327 132 171)
3(329 334 319)
3(128 319 334)
3(138 126 322)
3(174 165 305)
3(305 165 307)
3(191 334 183)
3(191 183 147)
3(191 147 334)
3(182 173 319)
3(146 182 319)
3(146 173 182)
3(183 176 334)
3(191 176 183)
3(332 302 313)
3(339 302 332)
3(68 12 159)
3(68 159 11)
3(174 305 158)
3(174 172 305)
3(174 158 172)
3(337 313 301)
3(314 313 337)
3(181 164 190)
3(181 258 164)
3(313 330 302)
3(217 60 179)
3(289 60 217)
3(289 217 179)
3(277 187 263)
3(183 147 243)
3(191 243 147)
3(191 183 243)
3(225 75 259)
3(260 75 225)
3(168 312 333)
3(182 340 319)
3(326 132 321)
3(323 322 332)
3(322 138 332)
3(323 138 322)
3(128 129 167)
3(128 167 22)
3(18 158 141)
3(18 221 158)
3(158 221 141)
3(18 141 221)
3(348 204 346)
3(348 203 204)
3(346 204 203)
3(348 346 203)
3(131 325 321)
3(250 146 20)
3(251 20 146)
3(253 360 41)
3(207 41 360)
3(207 360 253)
3(207 253 41)
3(193 267 220)
3(193 220 280)
3(193 280 267)
3(302 334 319)
3(362 231 209)
3(232 209 231)
3(232 231 362)
3(232 362 209)
3(49 209 232)
3(50 232 209)
3(360 359 196)
3(215 196 359)
3(180 314 163)
3(277 164 257)
3(258 257 164)
3(335 117 110)
3(110 117 179)
3(150 131 24)
3(150 24 169)
3(363 275 359)
3(363 276 275)
3(359 275 276)
3(363 359 276)
3(332 339 318)
3(332 319 339)
3(155 341 175)
3(139 175 341)
3(155 175 139)
3(321 193 189)
3(321 170 193)
3(193 170 189)
3(332 305 318)
3(339 318 305)
3(339 305 332)
3(28 154 1)
3(175 153 322)
3(153 157 322)
3(175 157 153)
3(184 202 361)
3(202 205 361)
3(184 205 202)
3(184 361 205)
3(193 189 335)
3(114 19 156)
3(29 156 19)
3(114 113 306)
3(338 113 114)
3(141 18 19)
3(321 170 187)
3(321 187 193)
3(193 187 170)
3(307 165 112)
3(10 0 29)
3(10 345 0)
3(0 345 29)
3(357 198 356)
3(357 356 154)
3(357 154 198)
3(356 198 154)
3(29 107 0)
3(350 212 352)
3(350 348 212)
3(348 352 212)
3(350 352 348)
3(171 327 133)
3(153 172 175)
3(336 315 307)
3(348 350 349)
3(348 31 350)
3(348 349 31)
3(305 158 165)
3(174 165 158)
3(241 288 344)
3(288 242 344)
3(241 344 242)
3(241 242 288)
3(279 363 275)
3(275 363 266)
3(319 332 323)
3(353 349 212)
3(350 212 349)
3(167 128 333)
3(359 363 360)
3(359 360 275)
3(360 363 275)
3(354 355 32)
3(352 354 32)
3(352 355 354)
3(114 107 29)
3(168 333 148)
3(168 148 186)
3(18 165 17)
3(129 312 23)
3(122 306 107)
3(31 341 30)
3(143 31 30)
3(185 168 298)
3(185 300 168)
3(185 298 300)
3(158 305 18)
3(141 305 158)
3(168 188 149)
3(169 325 189)
3(169 189 150)
3(153 154 322)
3(153 157 154)
3(169 325 192)
3(145 44 200)
3(145 355 44)
3(200 44 355)
3(155 157 341)
3(32 157 155)
3(129 312 168)
3(155 157 175)
3(168 129 333)
3(14 116 161)
3(116 13 161)
3(14 161 13)
3(14 178 110)
3(14 110 162)
3(14 162 178)
3(110 335 304)
3(303 333 311)
3(276 279 363)
3(311 178 116)
3(116 178 161)
3(311 116 161)
3(311 110 116)
3(116 110 178)
3(158 165 18)
3(314 315 307)
3(311 309 116)
3(311 110 309)
3(324 310 325)
3(310 330 325)
3(182 128 319)
3(182 334 128)
3(182 319 334)
3(288 344 295)
3(241 288 295)
3(241 295 344)
3(188 298 185)
3(188 168 298)
3(183 176 308)
3(308 176 334)
3(147 167 128)
3(128 167 334)
3(147 128 334)
3(127 319 182)
3(12 109 176)
3(316 339 320)
3(302 316 320)
3(310 333 302)
3(329 310 302)
3(329 333 310)
3(179 192 162)
3(310 333 303)
3(303 333 302)
3(303 183 177)
3(160 177 183)
3(14 178 116)
3(298 297 178)
3(298 178 291)
3(291 178 297)
3(218 286 292)
3(63 218 292)
3(63 286 218)
3(46 251 201)
3(208 251 46)
3(208 201 251)
3(310 330 302)
3(313 330 310)
3(360 196 271)
3(196 197 271)
3(360 271 197)
3(316 339 337)
3(177 161 303)
3(303 161 13)
3(177 13 161)
3(147 21 182)
3(147 128 21)
3(147 182 128)
3(340 334 319)
3(302 340 319)
3(321 187 151)
3(15 117 179)
3(110 15 179)
3(193 314 163)
3(193 180 314)
3(193 163 180)
3(110 335 309)
3(93 285 249)
3(313 330 335)
3(310 335 330)
3(185 177 161)
3(185 303 177)
3(344 77 234)
3(344 249 77)
3(344 234 249)
3(249 234 77)
3(188 297 298)
3(188 284 297)
3(188 298 284)
3(303 183 186)
3(303 186 177)
3(177 186 183)
3(288 85 242)
3(288 242 86)
3(240 84 286)
3(240 286 83)
3(241 234 344)
3(77 241 344)
3(149 130 325)
3(149 325 169)
3(149 169 130)
3(152 133 26)
3(152 171 133)
3(152 26 171)
3(190 336 164)
3(331 152 27)
3(152 172 27)
3(152 27 133)
3(113 114 156)
3(149 312 325)
3(21 80 147)
3(147 80 182)
3(191 182 334)
3(182 147 334)
3(191 147 182)
3(15 162 110)
3(15 179 162)
3(14 15 162)
3(166 20 145)
3(182 334 340)
3(1 34 125)
3(125 34 145)
3(337 317 339)
3(354 357 353)
3(354 33 357)
3(353 357 33)
3(48 230 361)
3(230 47 361)
3(48 361 47)
3(149 325 192)
3(149 192 169)
3(147 128 22)
3(147 22 21)
3(147 167 22)
3(303 116 161)
3(303 311 116)
3(194 359 221)
3(210 221 359)
3(210 359 194)
3(160 176 308)
3(160 183 176)
3(160 176 109)
3(177 161 239)
3(177 239 185)
3(337 318 339)
3(190 187 327)
3(190 171 187)
3(179 193 189)
3(174 152 190)
3(190 187 336)
3(152 27 26)
3(301 315 314)
3(301 330 315)
3(191 228 229)
3(191 229 245)
3(191 245 228)
3(252 273 95)
3(252 262 273)
3(252 95 262)
3(127 319 146)
3(170 187 151)
3(332 329 323)
3(339 302 319)
3(48 231 361)
3(170 293 294)
3(170 281 293)
3(170 294 281)
3(160 176 12)
3(247 226 177)
3(227 247 177)
3(227 177 226)
3(141 175 158)
3(193 314 336)
3(321 193 336)
3(254 150 248)
3(150 25 248)
3(224 240 65)
3(224 65 226)
3(224 226 240)
3(303 183 333)
3(169 297 149)
3(283 169 149)
3(185 186 177)
3(303 334 333)
3(219 224 240)
3(219 240 65)
3(124 118 316)
3(338 341 139)
3(267 193 262)
3(262 193 268)
3(139 341 30)
3(31 139 30)
3(170 262 268)
3(252 170 268)
3(252 268 262)
3(252 262 170)
3(1 34 145)
3(200 214 144)
3(214 211 144)
3(200 144 211)
3(336 193 180)
3(250 182 21)
3(250 21 146)
3(250 146 182)
3(157 32 33)
3(150 281 254)
3(254 281 248)
3(150 248 281)
3(193 336 187)
3(303 121 109)
3(308 303 121)
3(303 121 320)
3(188 178 192)
3(241 295 88)
3(241 77 295)
3(295 77 88)
3(227 183 247)
3(244 183 227)
3(244 247 183)
3(149 169 24)
3(311 335 309)
3(146 20 127)
3(146 21 20)
3(146 166 127)
3(146 20 166)
3(239 186 247)
3(239 247 177)
3(247 186 177)
3(239 177 186)
3(111 17 164)
3(17 181 164)
3(266 27 253)
3(266 99 27)
3(266 253 99)
3(233 52 46)
3(233 46 3)
3(17 164 16)
3(151 255 25)
3(151 26 255)
3(159 228 229)
3(159 229 191)
3(227 160 177)
3(227 183 160)
3(227 177 183)
3(85 242 287)
3(288 287 242)
3(173 361 229)
3(173 229 159)
3(269 102 280)
3(280 102 267)
3(237 182 245)
3(237 236 182)
3(238 246 182)
3(238 182 173)
3(238 173 246)
3(246 173 182)
3(227 66 177)
3(177 66 160)
3(228 68 159)
3(159 68 229)
3(26 152 264)
3(98 264 152)
3(98 26 264)
3(98 152 26)
3(269 101 59)
3(269 280 101)
3(269 59 280)
3(361 231 209)
3(362 361 209)
3(362 231 361)
3(8 59 269)
3(200 145 20)
3(200 20 44)
3(145 44 20)
3(247 186 242)
3(244 242 186)
3(244 186 247)
3(151 262 187)
3(170 262 151)
3(170 187 262)
3(351 139 346)
3(349 351 346)
3(349 346 139)
3(12 176 228)
3(12 228 159)
3(358 1 44)
3(43 1 358)
3(43 358 44)
3(67 160 13)
3(13 160 66)
3(222 69 361)
3(69 11 361)
3(222 361 11)
3(21 79 147)
3(79 80 147)
3(222 230 361)
3(222 69 230)
3(193 289 163)
3(193 179 289)
3(163 289 179)
3(233 362 251)
3(208 362 233)
3(208 233 251)
3(208 251 362)
3(246 182 245)
3(237 182 246)
3(147 236 182)
3(147 80 236)
3(236 80 182)
3(161 287 286)
3(287 239 286)
3(161 286 239)
3(142 29 347)
3(29 345 347)
3(282 169 254)
3(282 254 91)
3(169 91 254)
3(13 66 177)
3(224 13 177)
3(224 177 66)
3(159 11 361)
3(69 11 159)
3(269 256 220)
3(71 220 256)
3(359 363 175)
3(360 175 363)
3(351 346 156)
3(351 156 19)
3(156 346 19)
3(351 19 346)
3(361 47 58)
3(361 206 47)
3(361 58 206)
3(242 287 239)
3(239 287 85)
3(345 55 56)
3(0 345 56)
3(0 55 345)
3(267 220 256)
3(220 193 256)
3(351 139 156)
3(156 139 346)
3(94 77 344)
3(250 21 237)
3(250 237 81)
3(45 251 201)
3(353 356 198)
3(353 212 356)
3(256 16 257)
3(256 257 180)
3(180 257 16)
3(256 180 16)
3(191 243 245)
3(191 236 243)
3(10 56 205)
3(57 10 205)
3(26 171 264)
3(152 264 171)
3(255 263 96)
3(255 97 263)
3(214 362 209)
3(362 201 209)
3(156 141 351)
3(19 351 141)
3(93 284 23)
3(285 93 23)
3(213 207 153)
3(207 198 153)
3(92 284 23)
3(353 356 357)
3(353 357 198)
3(49 231 209)
3(361 231 49)
3(361 49 209)
3(280 220 163)
3(217 163 220)
3(359 270 37)
3(359 37 261)
3(359 261 270)
3(168 185 344)
3(300 344 185)
3(300 168 344)
3(153 253 42)
3(153 207 253)
3(207 42 253)
3(153 42 207)
3(148 22 78)
3(148 78 167)
3(167 78 22)
3(288 344 287)
3(300 287 344)
3(288 300 344)
3(178 188 298)
3(178 298 185)
3(266 172 27)
3(266 27 265)
3(27 172 265)
3(266 265 172)
3(359 196 271)
3(360 359 271)
3(357 34 154)
3(357 33 34)
3(43 198 28)
3(42 28 198)
3(251 201 20)
3(45 20 201)
3(347 348 352)
3(352 348 216)
3(347 352 216)
3(347 216 348)
3(359 261 194)
3(261 221 194)
3(54 351 55)
3(203 55 351)
3(203 351 54)
3(214 166 200)
3(214 144 166)
3(200 166 144)
3(156 346 29)
3(29 346 19)
3(246 362 232)
3(246 231 362)
3(98 265 27)
3(98 152 265)
3(98 27 152)
3(27 265 152)
3(229 361 246)
3(231 246 361)
3(266 172 253)
3(213 210 351)
3(175 213 351)
3(175 351 210)
3(175 210 213)
3(67 160 12)
3(184 216 214)
3(184 214 205)
3(184 205 216)
3(229 191 246)
3(229 246 173)
3(229 173 191)
3(246 191 173)
3(151 252 25)
3(255 252 151)
3(203 210 351)
3(203 351 213)
3(227 243 160)
3(183 243 227)
3(183 160 243)
3(54 351 19)
3(19 351 55)
3(246 245 191)
3(246 182 191)
3(353 349 356)
3(356 349 212)
3(362 238 233)
3(233 238 251)
3(170 268 294)
3(170 293 268)
3(294 268 293)
3(163 280 193)
3(163 193 220)
3(55 0 346)
3(19 346 0)
3(19 55 346)
3(200 201 166)
3(220 193 180)
3(256 220 180)
3(74 181 17)
3(259 165 279)
3(279 165 278)
3(166 201 251)
3(166 251 362)
3(362 251 201)
3(168 186 344)
3(186 185 344)
3(35 53 76)
3(276 259 165)
3(291 192 290)
3(291 297 192)
3(360 207 215)
3(197 207 360)
3(294 280 193)
3(294 193 299)
3(277 171 187)
3(277 190 171)
3(189 296 170)
3(193 296 189)
3(193 170 296)
3(293 281 248)
3(89 248 281)
3(89 293 248)
3(74 259 225)
3(353 199 357)
3(354 357 199)
3(353 354 199)
3(239 186 242)
3(293 105 268)
3(293 268 104)
3(279 174 265)
3(278 174 279)
3(278 265 174)
3(172 174 265)
3(279 174 172)
3(279 172 265)
3(89 273 106)
3(352 211 144)
3(352 144 143)
3(352 143 211)
3(143 144 211)
3(172 152 265)
3(152 174 265)
3(361 58 230)
3(222 58 361)
3(222 230 58)
3(47 58 230)
3(282 150 254)
3(282 169 150)
3(150 169 254)
3(282 150 281)
3(282 281 254)
3(219 64 286)
3(219 286 218)
3(218 286 64)
3(206 361 48)
3(202 361 206)
3(202 48 361)
3(355 145 34)
3(355 34 33)
3(222 70 230)
3(260 221 225)
3(260 75 221)
3(239 226 177)
3(282 254 90)
3(160 176 228)
3(160 228 12)
3(211 355 352)
3(211 144 355)
3(56 345 204)
3(345 55 204)
3(228 243 160)
3(227 228 160)
3(266 360 272)
3(272 360 100)
3(266 100 360)
3(357 356 157)
3(356 154 157)
3(222 205 10)
3(140 10 205)
3(222 10 140)
3(222 140 205)
3(200 355 199)
3(211 199 355)
3(211 355 200)
3(233 3 251)
3(82 233 251)
3(348 346 30)
3(348 349 346)
3(30 346 349)
3(348 30 349)
3(348 347 346)
3(348 204 347)
3(346 347 204)
3(293 170 248)
3(170 281 248)
3(348 347 30)
3(30 347 346)
3(162 178 62)
3(14 162 62)
3(14 62 178)
3(203 212 348)
3(348 212 204)
3(54 19 141)
3(54 141 18)
3(355 354 33)
3(355 33 357)
3(355 357 354)
3(346 351 203)
3(346 203 55)
3(346 55 351)
3(177 183 247)
3(166 201 20)
3(251 166 20)
3(203 346 349)
3(203 349 351)
3(39 197 271)
3(196 39 271)
3(224 177 239)
3(224 239 226)
3(224 226 177)
3(10 345 56)
3(158 359 175)
3(158 210 359)
3(158 175 210)
3(210 175 359)
3(225 165 18)
3(18 165 221)
3(225 221 165)
3(142 205 56)
3(347 56 205)
3(142 347 205)
3(158 165 221)
3(142 10 56)
3(142 205 10)
3(51 232 209)
3(202 209 362)
3(202 362 361)
3(202 361 209)
3(347 56 204)
3(205 347 204)
3(221 210 54)
3(151 263 262)
3(255 151 262)
3(255 262 263)
3(255 263 151)
3(353 33 157)
3(353 157 32)
3(222 57 205)
3(222 206 57)
3(222 205 206)
3(39 272 197)
3(47 58 70)
3(70 58 230)
3(30 156 346)
3(30 346 29)
3(148 344 168)
3(186 344 148)
3(281 296 150)
3(282 150 296)
3(272 271 360)
3(266 360 271)
3(189 150 282)
3(214 362 202)
3(139 349 31)
3(30 349 139)
3(30 31 349)
3(281 296 170)
3(170 296 150)
3(281 170 150)
3(54 141 351)
3(54 351 210)
3(54 210 141)
3(210 351 141)
3(359 196 38)
3(359 38 271)
3(38 196 271)
3(140 11 361)
3(277 171 263)
3(142 143 216)
3(142 347 143)
3(347 216 143)
3(142 216 347)
3(297 178 188)
3(139 141 351)
3(346 204 55)
3(275 359 271)
3(360 275 271)
3(276 158 363)
3(30 139 346)
3(362 361 184)
3(362 184 202)
3(175 155 356)
3(175 356 157)
3(155 157 356)
3(345 0 346)
3(55 345 346)
3(261 36 194)
3(35 261 194)
3(357 43 198)
3(357 154 43)
3(43 154 198)
3(215 207 153)
3(215 153 213)
3(170 248 25)
3(252 170 25)
3(252 248 170)
3(43 199 357)
3(357 199 198)
3(205 361 206)
3(213 212 349)
3(213 349 203)
3(203 349 212)
3(348 31 347)
3(352 347 31)
3(352 31 348)
3(191 147 236)
3(16 257 72)
3(280 267 294)
3(164 257 187)
3(26 97 151)
3(255 151 97)
3(274 257 180)
3(161 292 286)
3(27 99 265)
3(161 218 224)
3(161 286 218)
3(161 224 286)
3(224 218 286)
3(287 239 344)
3(242 287 344)
3(242 344 239)
3(97 171 263)
3(263 171 264)
3(97 264 171)
3(270 359 271)
3(275 359 270)
3(279 165 174)
3(174 165 278)
3(41 360 100)
3(272 360 41)
3(272 41 100)
3(287 185 344)
3(185 239 344)
3(166 200 20)
3(200 201 20)
3(253 360 100)
3(358 154 357)
3(358 34 154)
3(358 357 34)
3(142 205 140)
3(155 349 356)
3(353 155 356)
3(153 322 28)
3(260 221 165)
3(272 197 271)
3(148 22 249)
3(359 261 195)
3(194 195 261)
3(194 359 195)
3(44 355 358)
3(44 199 355)
3(199 358 355)
3(44 358 199)
3(64 219 83)
3(219 6 83)
3(104 294 267)
3(104 268 294)
3(145 358 44)
3(355 358 145)
3(150 170 248)
3(153 154 28)
3(224 66 226)
3(228 243 176)
3(176 243 160)
3(358 145 1)
3(358 34 145)
3(358 1 34)
3(344 242 234)
3(145 1 44)
3(287 185 300)
3(186 239 344)
3(185 239 186)
3(170 151 252)
3(244 234 186)
3(186 234 242)
3(344 249 148)
3(344 148 23)
3(249 23 148)
3(344 23 249)
3(348 349 203)
3(162 192 290)
3(162 290 291)
3(162 291 192)
3(241 295 87)
3(161 218 223)
3(224 161 223)
3(170 193 268)
3(262 193 170)
3(175 153 360)
3(175 360 172)
3(220 163 180)
3(258 164 17)
3(258 17 181)
3(171 97 151)
3(26 97 171)
3(222 11 140)
3(352 350 354)
3(272 360 197)
3(197 360 41)
3(178 292 185)
3(178 298 292)
3(298 185 292)
3(179 296 193)
3(258 164 73)
3(164 17 73)
3(153 28 42)
3(265 264 152)
3(162 179 290)
3(192 290 179)
3(162 290 61)
3(162 61 291)
3(162 178 291)
3(291 178 62)
3(162 291 62)
3(195 359 196)
3(195 38 359)
3(299 296 170)
3(281 299 170)
3(257 180 187)
3(90 281 254)
3(192 297 149)
3(192 169 297)
3(359 270 38)
3(359 38 37)
3(148 344 234)
3(170 193 294)
3(183 167 243)
3(253 266 100)
3(253 360 266)
3(244 183 243)
3(216 212 352)
3(211 216 352)
3(167 234 78)
3(186 183 247)
3(7 77 295)
3(295 77 94)
3(152 278 264)
3(152 265 278)
3(37 261 195)
3(359 37 195)
3(357 353 157)
3(353 356 157)
3(26 264 97)
3(139 349 155)
3(186 344 234)
3(222 206 58)
3(170 193 299)
3(294 170 299)
3(189 296 150)
3(294 267 103)
3(355 358 34)
3(356 175 153)
3(175 213 153)
3(277 264 171)
3(171 264 190)
3(158 363 175)
3(359 363 158)
3(292 178 223)
3(62 178 292)
3(62 292 223)
3(62 223 178)
3(162 61 14)
3(162 62 61)
3(172 363 175)
3(16 163 217)
3(161 178 292)
3(352 31 143)
3(32 352 143)
3(296 179 189)
3(296 189 290)
3(189 179 290)
3(16 163 220)
3(263 97 151)
3(348 212 349)
3(28 198 154)
3(153 198 28)
3(153 154 198)
3(82 238 250)
3(82 251 238)
3(362 209 208)
3(209 232 208)
3(362 208 232)
3(30 31 347)
3(348 31 30)
3(290 162 15)
3(173 361 246)
3(250 238 81)
3(152 278 190)
3(152 190 264)
3(213 349 356)
3(349 139 356)
3(228 68 12)
3(238 146 182)
3(362 232 233)
3(362 238 232)
3(184 214 166)
3(184 166 362)
3(184 362 214)
3(184 214 144)
3(192 297 188)
3(188 297 149)
3(296 189 282)
3(164 180 257)
3(164 257 16)
3(178 192 297)
3(224 161 239)
3(224 177 161)
3(280 103 267)
3(236 147 243)
3(235 147 236)
3(295 300 344)
3(241 288 87)
3(178 291 292)
3(235 22 167)
3(235 78 22)
3(235 167 78)
3(23 284 149)
3(284 168 149)
3(239 84 286)
3(239 286 240)
3(290 15 61)
3(361 184 173)
3(361 173 362)
3(173 184 362)
3(68 69 159)
3(360 207 153)
3(360 153 215)
3(23 285 249)
3(180 16 220)
3(185 292 300)
3(167 186 244)
3(167 244 234)
3(143 31 347)
3(30 143 347)
3(92 284 149)
3(23 92 149)
3(276 359 270)
3(191 243 228)
3(139 175 351)
3(175 141 351)
3(161 13 223)
3(142 184 216)
3(184 143 216)
3(174 279 158)
3(183 167 244)
3(184 142 205)
3(184 205 140)
3(143 352 347)
3(222 206 361)
3(30 347 142)
3(30 29 347)
3(79 236 147)
3(212 348 216)
3(186 344 242)
3(221 141 210)
3(158 221 210)
3(158 210 141)
3(161 292 218)
3(344 300 285)
3(36 261 195)
3(161 292 223)
3(218 223 292)
3(184 140 361)
3(200 166 145)
3(346 29 347)
3(205 361 222)
3(214 184 211)
3(216 211 184)
3(154 358 43)
3(154 43 1)
3(154 1 358)
3(261 359 276)
3(276 359 260)
3(20 45 200)
3(155 139 356)
3(221 141 54)
3(228 67 12)
3(239 84 287)
3(255 252 262)
3(151 262 252)
3(211 199 354)
3(355 354 199)
3(211 354 355)
3(199 354 212)
3(146 173 238)
3(208 362 201)
3(261 221 76)
3(76 221 194)
3(261 76 194)
3(162 15 61)
3(252 170 293)
3(295 344 77)
3(293 105 273)
3(252 248 293)
3(158 359 276)
3(158 260 221)
3(144 184 211)
3(214 202 184)
3(266 360 275)
3(221 359 158)
3(272 4 41)
3(173 362 246)
3(362 361 246)
3(90 248 281)
3(177 226 66)
3(291 192 178)
3(29 0 346)
3(345 29 346)
3(76 260 221)
3(173 362 166)
3(362 146 166)
3(173 146 362)
3(195 359 215)
3(361 222 140)
3(361 140 205)
3(357 358 43)
3(33 355 32)
3(73 16 257)
3(359 195 210)
3(251 166 146)
3(43 28 154)
3(142 205 216)
3(191 243 176)
3(352 143 216)
3(216 143 211)
3(158 359 260)
3(152 278 174)
3(357 358 199)
3(43 199 358)
3(153 356 157)
3(175 215 153)
3(175 213 215)
3(359 215 210)
3(244 183 186)
3(362 246 238)
3(362 238 173)
3(63 292 223)
3(293 273 106)
3(219 83 286)
3(194 76 53)
3(286 239 224)
3(288 87 242)
3(51 232 208)
3(233 232 208)
3(51 233 208)
3(345 204 347)
3(216 205 347)
3(216 347 204)
3(346 345 347)
3(35 76 194)
3(284 149 188)
3(143 184 211)
3(32 350 354)
3(284 168 188)
3(355 357 34)
3(358 357 355)
3(355 199 357)
3(175 210 141)
3(164 73 257)
3(49 48 361)
3(49 361 202)
3(208 233 52)
3(208 46 233)
3(233 251 46)
3(153 198 42)
3(96 252 262)
3(255 96 262)
3(167 235 234)
3(13 224 161)
3(224 239 240)
3(153 154 356)
3(224 286 240)
3(224 219 286)
3(24 254 169)
3(164 16 73)
3(240 83 219)
3(240 219 6)
3(219 286 240)
3(353 155 157)
3(228 67 160)
3(346 204 345)
3(204 348 216)
3(210 175 215)
3(176 243 183)
3(295 285 344)
3(94 295 344)
3(227 67 66)
3(138 136 137)
3(130 24 131)
3(108 118 121)
3(135 125 127)
3(116 13 109)
3(0 19 114)
3(20 125 1)
3(282 297 290)
3(124 119 123)
3(124 122 120)
3(199 198 212)
3(124 120 119)
3(10 115 11)
3(74 17 225)
3(282 91 283)
3(119 120 112)
3(119 112 111)
3(72 220 16)
3(133 132 26)
3(131 25 132)
3(133 137 132)
3(23 24 130)
3(123 116 121)
3(130 137 136)
3(197 196 215)
3(217 220 59)
3(213 212 198)
3(15 117 16)
3(74 259 258)
3(127 21 128)
3(17 111 112)
3(135 126 125)
3(135 136 138)
3(95 9 273)
3(89 9 95)
3(41 40 197)
3(127 125 20)
3(108 12 11)
3(299 289 280)
3(117 110 123)
3(12 109 13)
3(27 253 28)
3(115 108 11)
3(113 18 112)
3(113 112 120)
3(71 59 220)
3(119 117 123)
3(299 296 289)
3(137 131 132)
3(114 120 122)
3(296 290 289)
3(108 115 118)
3(285 300 298)
3(122 115 107)
3(123 110 116)
3(108 121 109)
3(130 131 137)
3(285 298 284)
3(26 132 25)
3(244 235 243)
3(119 111 117)
3(133 27 134)
3(135 138 126)
3(284 297 283)
3(24 254 25)
3(130 136 129)
3(28 134 27)
3(230 69 229)
3(136 128 129)
3(274 267 256)
3(274 263 262)
3(280 289 59)
3(229 231 230)
3(274 257 277)
3(278 264 277)
3(290 60 289)
3(23 129 22)
3(194 53 210)
3(74 73 17)
3(74 258 73)
3(282 283 297)
3(10 107 115)
3(126 134 28)
3(128 135 127)
3(16 117 111)
3(81 237 80)
3(81 80 21)
3(128 136 135)
3(138 134 126)
3(68 11 12)
3(274 277 263)
3(260 259 75)
3(128 22 129)
3(250 20 251)
3(49 50 209)
3(49 232 50)
3(277 257 258)
3(28 1 126)
3(113 19 18)
3(0 107 10)
3(138 137 133)
3(279 275 266)
3(138 133 134)
3(18 17 112)
3(130 129 23)
3(114 122 107)
3(114 113 120)
3(25 131 24)
3(14 13 116)
3(275 279 276)
3(108 109 12)
3(14 116 110)
3(298 291 297)
3(63 292 286)
3(208 46 201)
3(110 117 15)
3(94 93 249)
3(94 285 93)
3(298 297 284)
3(85 86 242)
3(288 86 85)
3(84 83 286)
3(240 83 84)
3(77 234 241)
3(122 118 115)
3(0 114 107)
3(114 19 113)
3(14 110 15)
3(1 125 126)
3(48 47 230)
3(128 21 22)
3(133 26 27)
3(228 245 229)
3(95 273 262)
3(48 230 231)
3(294 293 281)
3(227 226 247)
3(124 123 121)
3(254 248 25)
3(65 240 226)
3(219 65 224)
3(124 121 118)
3(124 118 122)
3(267 262 268)
3(200 211 214)
3(116 109 121)
3(241 88 77)
3(244 227 247)
3(127 20 21)
3(27 99 253)
3(3 46 52)
3(233 3 52)
3(111 17 16)
3(255 26 25)
3(85 287 288)
3(269 267 102)
3(237 245 236)
3(228 229 68)
3(280 59 101)
3(8 101 59)
3(8 269 101)
3(244 247 242)
3(43 44 1)
3(67 13 66)
3(222 11 69)
3(21 80 79)
3(237 246 245)
3(224 66 13)
3(71 256 269)
3(206 58 47)
3(242 239 85)
3(0 56 55)
3(267 269 256)
3(94 249 77)
3(250 81 21)
3(45 46 251)
3(45 201 46)
3(236 245 243)
3(57 205 56)
3(57 56 10)
3(96 263 97)
3(255 96 97)
3(214 209 201)
3(285 284 93)
3(213 198 207)
3(92 93 284)
3(92 23 93)
3(250 21 20)
3(49 231 232)
3(261 37 270)
3(288 287 300)
3(217 60 15)
3(43 42 198)
3(43 28 42)
3(45 251 20)
3(203 54 55)
3(246 232 231)
3(231 229 246)
3(67 12 13)
3(214 216 205)
3(255 25 252)
3(203 213 210)
3(54 19 55)
3(246 229 245)
3(19 0 55)
3(214 201 200)
3(259 279 278)
3(5 76 53)
3(5 35 76)
3(5 53 35)
3(276 279 259)
3(291 290 297)
3(197 215 207)
3(294 299 280)
3(89 281 293)
3(74 75 259)
3(74 225 75)
3(239 242 247)
3(104 268 105)
3(293 104 105)
3(278 279 265)
3(106 273 9)
3(89 106 9)
3(219 218 64)
3(202 206 48)
3(230 70 69)
3(222 69 70)
3(225 221 75)
3(48 206 47)
3(247 226 239)
3(90 254 91)
3(282 90 91)
3(56 204 55)
3(227 243 228)
3(266 272 100)
3(211 200 199)
3(82 251 3)
3(82 3 233)
3(203 204 212)
3(54 18 19)
3(196 197 39)
3(0 10 56)
3(225 18 221)
3(225 17 18)
3(280 101 102)
3(269 102 101)
3(50 51 209)
3(50 232 51)
3(205 204 56)
3(54 210 53)
3(221 54 53)
3(206 205 57)
3(39 40 272)
3(39 197 40)
3(47 70 230)
3(282 296 281)
3(266 271 272)
3(214 202 209)
3(57 10 222)
3(274 262 267)
3(8 59 71)
3(8 71 269)
3(203 55 204)
3(35 194 36)
3(35 36 261)
3(215 213 207)
3(252 25 248)
3(43 198 199)
3(205 206 202)
3(213 203 212)
3(72 257 256)
3(255 97 26)
3(274 256 257)
3(72 71 220)
3(72 256 71)
3(287 286 292)
3(98 265 99)
3(98 99 27)
3(97 263 264)
3(275 270 271)
3(41 253 100)
3(39 272 271)
3(249 22 78)
3(64 83 6)
3(64 6 219)
3(104 267 268)
3(65 226 66)
3(224 65 66)
3(241 234 242)
3(244 242 234)
3(60 59 289)
3(217 59 60)
3(87 295 88)
3(241 87 88)
3(224 223 218)
3(222 10 11)
3(42 28 253)
3(98 264 265)
3(291 61 290)
3(195 196 38)
3(281 296 299)
3(282 281 90)
3(38 270 37)
3(244 243 227)
3(211 212 216)
3(7 94 77)
3(7 295 94)
3(265 264 278)
3(98 97 264)
3(98 26 97)
3(206 57 58)
3(222 58 57)
3(104 103 267)
3(104 294 103)
3(283 91 92)
3(24 92 91)
3(62 14 61)
3(16 217 15)
3(16 220 217)
3(277 258 278)
3(258 259 278)
3(82 250 251)
3(252 89 95)
3(238 237 81)
3(233 232 238)
3(296 282 290)
3(103 102 267)
3(280 102 103)
3(235 236 243)
3(295 288 300)
3(288 295 87)
3(291 298 292)
3(239 240 84)
3(60 61 15)
3(290 61 60)
3(68 229 69)
3(93 23 249)
3(82 238 81)
3(82 81 250)
3(21 79 22)
3(298 300 292)
3(277 264 263)
3(270 38 271)
3(276 270 275)
3(228 243 245)
3(13 14 223)
3(200 44 199)
3(79 80 236)
3(37 36 195)
3(37 261 36)
3(216 214 211)
3(203 210 54)
3(261 276 260)
3(45 44 200)
3(20 44 45)
3(266 99 265)
3(200 201 45)
3(68 12 67)
3(68 67 228)
3(84 286 287)
3(211 199 212)
3(238 246 237)
3(249 23 22)
3(208 201 209)
3(78 234 77)
3(249 78 77)
3(268 273 105)
3(214 205 202)
3(266 275 271)
3(41 4 40)
3(272 40 4)
3(36 194 195)
3(197 207 41)
3(98 27 26)
3(89 90 281)
3(89 248 90)
3(227 66 226)
3(287 292 300)
3(261 270 276)
3(261 260 76)
3(2 47 58)
3(2 70 47)
3(2 58 70)
3(196 195 215)
3(237 236 80)
3(73 257 72)
3(73 72 16)
3(195 194 210)
3(70 58 222)
3(38 39 271)
3(38 196 39)
3(268 262 273)
3(280 103 294)
3(43 1 28)
3(291 292 62)
3(41 42 253)
3(207 42 41)
3(195 210 215)
3(195 38 37)
3(254 90 248)
3(104 293 294)
3(76 75 221)
3(76 260 75)
3(62 63 223)
3(62 292 63)
3(293 106 89)
3(64 286 83)
3(79 78 22)
3(79 235 78)
3(223 14 62)
3(76 221 53)
3(15 61 14)
3(106 105 273)
3(293 105 106)
3(241 242 87)
3(209 51 208)
3(51 232 233)
3(216 204 205)
3(266 265 279)
3(35 261 76)
3(260 276 259)
3(294 281 299)
3(258 257 73)
3(49 202 48)
3(291 62 61)
3(208 52 46)
3(52 208 51)
3(52 51 233)
3(255 252 96)
3(46 3 251)
3(244 234 235)
3(235 234 78)
3(48 231 49)
3(13 223 224)
3(1 44 20)
3(239 226 240)
3(207 198 42)
3(100 253 99)
3(266 100 99)
3(85 84 287)
3(85 239 84)
3(41 100 4)
3(272 4 100)
3(224 218 219)
3(92 284 283)
3(24 91 254)
3(16 17 73)
3(240 6 83)
3(24 23 92)
3(68 69 11)
3(238 232 246)
3(35 53 194)
3(82 233 238)
3(49 209 202)
3(212 204 216)
3(228 67 227)
3(96 95 262)
3(252 95 96)
3(213 215 210)
3(43 199 44)
3(96 262 263)
3(79 236 235)
3(252 248 89)
3(218 223 63)
3(63 286 64)
3(63 64 218)
3(295 300 285)
3(7 77 88)
3(7 88 295)
3(18 54 221)
3(87 242 86)
3(288 87 86)
3(295 285 94)
3(65 6 240)
3(219 6 65)
)


// ************************************************************************* //
