/*--------------------------------*- C++ -*----------------------------------*\
  =========                 |
  \\      /  F ield         | OpenFOAM: The Open Source CFD Toolbox
   \\    /   O peration     | Website:  https://openfoam.org
    \\  /    A nd           | Version:  12
     \\/     M anipulation  |
\*---------------------------------------------------------------------------*/
FoamFile
{
    format      ascii;
    class       labelList;
    note        "nPoints: 364 nCells: 1331 nFaces: 2900 nInternalFaces: 2424";
    location    "constant/polyMesh";
    object      neighbour;
}
// * * * * * * * * * * * * * * * * * * * * * * * * * * * * * * * * * * * * * //


2424
(
375
810
898
1077
6
319
501
527
712
724
1295
70
140
204
90
243
470
703
231
258
377
1099
226
334
506
349
442
1018
1019
81
271
406
933
402
890
922
1017
110
159
297
455
17
207
297
405
398
437
599
683
249
514
610
1038
242
468
689
257
277
543
268
269
370
1076
171
206
212
193
370
510
669
21
199
564
683
296
440
647
1011
49
161
684
80
183
239
602
47
382
558
682
305
349
371
586
362
377
832
1161
733
865
911
1208
580
1073
1121
1198
289
963
1142
1269
167
187
189
517
218
238
534
660
51
58
369
622
37
40
193
252
38
920
1013
1148
165
209
227
313
102
354
372
534
142
306
434
666
210
576
665
618
732
929
755
802
807
1036
486
576
617
93
616
639
680
91
157
243
366
45
165
415
417
480
592
756
175
313
706
189
214
227
603
49
285
550
158
166
278
328
664
681
163
168
405
690
620
633
1210
639
641
679
95
483
733
911
138
388
398
1067
66
127
156
648
213
507
533
652
604
874
1158
1319
130
588
633
478
591
1202
598
671
1258
221
811
1054
275
351
528
700
325
529
654
656
504
839
1161
1165
164
482
507
805
125
225
221
518
882
1054
77
98
283
423
167
775
843
1204
171
238
492
91
157
271
307
551
562
639
1261
158
162
685
1146
77
183
489
749
1226
1322
144
245
388
889
125
174
365
648
661
227
299
499
579
590
662
663
144
967
805
864
1215
500
968
1319
1322
136
645
679
682
116
189
210
252
312
376
394
878
91
137
186
617
179
249
326
383
125
283
659
700
115
211
366
270
276
399
734
161
551
615
127
185
318
659
100
406
487
1005
1030
1097
1173
176
461
548
684
99
230
359
386
312
407
505
142
254
493
628
142
254
636
559
567
624
636
119
132
497
1218
113
416
491
935
147
363
443
651
151
418
465
1093
126
130
455
490
914
919
1062
130
222
660
317
490
585
721
1030
1097
1183
133
289
310
329
435
542
986
250
378
450
198
520
675
446
625
678
1242
150
152
494
998
1185
1269
1328
211
258
313
378
233
234
262
385
529
573
611
229
335
523
612
155
631
674
694
127
451
492
365
177
201
245
398
390
689
1279
218
149
758
1005
1264
898
1011
1125
300
416
587
168
477
644
649
416
433
502
534
236
273
239
387
619
450
599
1327
140
279
280
171
498
214
470
486
603
559
464
560
812
157
205
208
377
601
832
339
764
1044
438
567
636
275
318
420
572
749
1096
181
182
380
582
1012
181
500
934
414
1019
1078
160
386
400
535
544
563
215
236
558
248
327
549
222
224
265
240
305
359
541
657
327
526
532
328
358
477
359
697
299
421
690
692
208
675
341
607
204
301
428
823
1023
207
464
738
1211
1299
876
969
1137
257
664
681
598
695
229
432
613
404
543
683
383
421
557
612
385
685
772
187
208
209
298
1319
1323
1014
1144
1225
365
663
201
245
439
244
561
567
200
307
546
227
356
327
467
549
596
190
210
357
475
228
803
813
215
225
528
197
269
199
344
547
703
639
643
788
343
484
576
647
198
252
352
316
412
274
664
479
505
509
545
722
220
261
391
512
289
310
973
347
368
245
251
238
287
396
259
451
775
600
601
522
352
603
332
396
498
220
291
372
499
273
569
939
984
991
1126
235
272
280
335
492
502
234
360
427
945
230
1039
1055
369
493
737
895
1044
341
535
649
700
991
999
1064
971
1090
321
501
423
652
313
598
601
255
1124
1128
1166
259
451
515
524
260
593
688
648
682
340
442
466
1018
368
489
546
446
586
697
489
509
512
260
293
584
344
619
285
438
547
381
971
1015
390
514
521
1051
251
590
662
278
685
366
388
1098
543
603
331
338
891
1301
651
660
1023
1195
1306
350
461
637
638
274
661
410
1037
279
457
279
457
387
423
489
284
345
427
328
549
621
1055
282
511
1091
565
623
677
1009
1186
1272
1279
307
546
590
270
271
1080
270
352
366
407
332
612
688
536
543
662
607
659
1009
1186
1273
404
680
421
610
309
498
305
434
482
1216
292
1309
294
386
317
702
318
556
361
1079
1250
297
651
660
386
408
700
786
292
990
1091
1248
480
484
513
757
1051
468
515
516
441
559
628
779
1106
1150
1220
354
357
491
341
474
600
1170
301
304
502
588
579
655
1222
1272
760
1028
1034
1117
348
428
637
306
371
493
407
524
650
1291
321
335
935
330
346
727
370
1084
587
622
666
825
380
471
668
998
380
510
1014
431
966
558
384
453
769
571
746
1248
1329
425
324
351
467
582
378
436
706
1152
621
644
728
449
506
808
449
514
540
691
518
334
613
657
708
736
1057
337
678
980
537
570
337
743
891
654
1190
508
388
708
889
1098
804
918
445
922
342
956
625
814
916
627
764
803
1045
393
665
1072
602
662
431
455
565
640
785
428
498
635
415
425
432
1176
1216
396
443
570
465
644
410
667
915
943
985
416
666
445
916
980
413
474
946
372
576
360
515
516
482
472
1002
986
1046
1130
519
1099
1320
441
607
627
398
704
722
1172
561
1006
1018
1029
452
635
371
623
1094
622
486
384
521
527
990
968
989
1116
1246
1132
1175
1221
478
505
589
379
1223
412
675
1161
520
422
444
557
645
692
449
529
1119
531
1013
617
624
414
806
1019
1216
508
593
479
484
617
614
872
1199
394
417
894
669
899
972
1078
635
710
751
796
913
655
1054
408
446
673
430
798
1229
1290
431
565
620
460
709
744
1044
545
616
457
537
407
418
465
582
771
1012
1045
412
1224
418
446
701
1040
1165
433
935
805
1215
544
484
589
448
936
1215
1221
558
569
692
688
771
1026
1053
559
429
747
428
1061
1130
1197
1305
634
954
594
760
1155
458
1022
1034
490
461
538
579
495
652
437
447
595
450
631
1118
541
1310
443
638
1033
1280
495
666
1125
567
659
586
965
556
771
956
1045
890
986
1181
1310
817
834
523
693
455
499
534
579
501
609
513
866
1088
1315
848
852
896
958
515
761
1163
931
1139
1142
1184
743
800
915
564
716
765
783
1024
765
869
774
1153
568
916
1236
528
566
524
1291
503
530
1070
1131
473
638
522
665
1173
477
481
815
486
624
636
1169
491
517
1180
900
908
1134
1282
621
592
782
512
589
853
634
677
1301
652
487
861
1147
762
843
904
1264
591
968
1020
1086
1144
633
963
535
1020
1144
1214
533
1077
539
938
950
1205
530
1185
637
797
1020
613
738
897
1185
1158
1225
1246
591
527
879
864
521
546
668
1066
540
767
1063
533
647
1227
518
882
946
1294
606
718
944
1082
522
1323
523
901
527
580
641
1073
552
597
851
569
557
898
532
580
611
536
552
866
628
645
691
688
690
544
632
693
1047
1048
1127
772
1309
615
683
609
613
632
631
643
561
664
550
570
612
975
557
684
577
705
580
893
1049
1276
1089
1308
1311
748
1243
1244
570
572
774
859
1032
602
573
641
1265
594
608
632
693
703
634
582
596
644
673
964
691
1059
607
690
618
656
583
746
984
1126
893
1222
1309
654
656
992
707
1316
1052
1326
950
1127
593
606
689
626
633
753
625
588
1167
626
592
610
726
731
599
632
913
597
1026
1200
1103
693
671
671
619
818
854
1204
640
827
835
610
982
609
1061
1130
641
645
779
1136
1160
616
1304
643
1042
1270
624
623
814
1031
1176
625
1140
628
651
704
795
1071
1023
1166
1296
706
720
637
703
1253
799
849
1231
838
836
856
1145
1235
673
677
676
945
658
947
1259
657
982
1186
1270
684
1278
1330
663
669
891
962
669
885
962
1124
1166
1263
949
781
1133
1320
678
760
761
1034
874
829
1189
1297
678
680
681
682
1041
960
1127
1313
856
988
1254
1186
692
695
761
706
1163
819
836
992
1270
701
965
786
1110
1262
1239
1249
1275
791
917
713
1067
712
793
856
741
938
1027
1067
867
1043
730
1155
1117
1118
1191
1327
1145
1261
1033
1057
753
974
997
1140
717
867
1044
763
870
1318
895
1103
1107
1258
819
955
1254
922
1263
1301
745
858
1156
838
1033
951
1105
1302
788
1261
727
736
1178
1061
1085
826
833
803
971
1045
798
1234
1243
1244
796
1117
913
1085
1155
920
1113
1201
1084
1212
828
837
1273
1261
1265
1274
889
1280
744
919
1007
1328
745
756
782
1285
827
835
1083
924
1266
840
861
902
744
804
894
899
1314
760
1028
777
762
797
914
918
1040
1062
1071
1181
868
884
1075
1210
1303
1307
883
1120
894
912
759
1059
905
1260
1068
996
1226
765
1253
1292
800
1016
983
995
1149
808
952
1091
973
1142
1184
1260
939
991
1050
938
952
1047
893
970
786
1110
1167
1218
888
897
932
1230
1217
1245
857
1111
910
1086
1213
1317
940
1122
794
855
1104
802
1037
1099
878
1202
1283
1318
921
974
1140
1167
1027
1318
1269
792
1097
1298
1300
1284
1102
1134
1171
795
1027
1067
1327
954
1114
1104
1183
841
988
1304
912
1285
796
1327
934
1096
1035
1289
985
1124
1192
803
964
902
1202
1285
930
964
1062
1078
810
927
857
1229
1244
879
953
1288
1221
959
1276
1058
1139
915
1001
890
1006
1002
1031
1090
849
1143
1306
1215
1226
1233
1322
1252
1128
1192
822
927
1325
825
1125
1218
1195
839
1165
1174
1224
1167
1325
827
1083
1162
877
829
882
1291
880
981
1196
1271
1311
835
908
1237
1004
1230
1162
936
1193
860
981
948
1284
1246
1320
1208
1287
948
1295
881
928
987
996
1294
884
933
967
1154
1082
1115
1320
1249
1289
850
958
1156
1214
850
1317
1324
1129
1297
1025
1100
977
1010
1198
1286
1293
912
1315
1158
1230
1233
858
896
1285
992
930
1163
958
1183
937
1164
1042
1259
1274
911
1007
1136
1235
1299
864
866
936
868
871
1257
1132
911
933
1206
883
900
1292
1208
1209
1109
922
1114
1303
1307
1204
1323
884
1000
1101
937
1151
1162
899
1100
990
999
886
1074
1032
1135
1074
1241
998
1156
1214
979
1002
1297
912
1104
1109
1298
978
1069
1164
1178
1065
1076
1094
1213
1257
1041
1072
1287
926
1135
1131
1156
1056
1241
1173
1180
1281
1147
1287
1138
1219
907
1157
1217
1058
1182
945
954
1129
1177
1226
1101
1096
1183
1286
1025
1081
1144
1181
1159
1168
1242
966
1307
980
1089
1110
961
1089
1201
1271
929
938
1252
1017
1065
1075
1069
1070
1077
1216
931
969
1267
952
953
1103
1111
987
1157
1170
1228
1080
1108
1281
946
1132
1032
1119
995
1138
1160
944
1082
1232
1302
1196
1277
1003
1192
951
1004
1297
1021
1274
1172
1304
951
1004
1170
1087
1258
1148
1252
1270
1263
1064
1087
984
990
1119
1248
1286
975
976
1146
1048
1095
1256
985
1301
1211
1328
1093
972
1078
1017
1075
1178
1225
1032
1139
1013
1049
1063
1031
1236
1275
1245
994
1026
1055
1123
1238
1146
1179
1238
1153
1188
1090
1231
1242
1189
1038
1054
1069
1188
999
1001
1079
1262
1269
1079
1086
1174
1251
1254
1313
1314
1029
1325
1092
1188
1204
1281
1075
1108
1087
1083
1090
1231
1074
1168
1228
1180
1182
1065
1210
1011
1131
1121
1179
1194
1198
1200
1238
1328
1016
1121
1081
1165
1031
1039
1055
1093
1307
1286
1217
1245
1264
1060
1289
1120
1206
1234
1066
1214
1123
1141
1060
1176
1210
1096
1108
1112
1118
1234
1283
1037
1223
1241
1133
1041
1222
1074
1242
1321
1276
1201
1265
1168
1181
1305
1312
1205
1179
1130
1197
1251
1068
1227
1113
1268
1123
1098
1141
1223
1280
1142
1211
1248
1093
1148
1190
1250
1081
1094
1272
1279
1149
1172
1097
1298
1256
1171
1255
1125
1190
1171
1282
1213
1101
1094
1100
1305
1293
1252
1109
1136
1235
1095
1312
1138
1121
1308
1282
1103
1212
1154
1133
1255
1157
1169
1170
1149
1175
1111
1173
1315
1284
1266
1247
1263
1116
1233
1246
1322
1290
1244
1150
1199
1219
1200
1129
1314
1203
1306
1175
1220
1224
1241
1185
1220
1267
1191
1318
1189
1274
1276
1202
1212
1193
1223
1229
1290
1187
1178
1282
1177
1161
1321
1187
1229
1217
1257
1310
1213
1255
1220
1325
1232
1302
1294
1211
1300
1299
1254
1283
1290
1308
1203
1326
1288
1268
1316
1207
1234
1240
1324
1257
1317
1324
1288
1227
1255
1319
1309
1230
1232
1233
1298
1321
1253
1292
1240
1243
1249
1260
1296
1303
1251
1265
1268
1294
1278
1278
1291
1321
1326
1330
1326
1323
1295
1324
1317
1300
1310
1329
1329
)


// ************************************************************************* //
