/*--------------------------------*- C++ -*----------------------------------*\
  =========                 |
  \\      /  F ield         | OpenFOAM: The Open Source CFD Toolbox
   \\    /   O peration     | Website:  https://openfoam.org
    \\  /    A nd           | Version:  12
     \\/     M anipulation  |
\*---------------------------------------------------------------------------*/
FoamFile
{
    format      ascii;
    class       labelList;
    note        "nPoints: 364 nCells: 1331 nFaces: 2900 nInternalFaces: 2424";
    location    "constant/polyMesh";
    object      owner;
}
// * * * * * * * * * * * * * * * * * * * * * * * * * * * * * * * * * * * * * //


2900
(
0
0
0
0
1
1
1
1
2
2
2
3
3
3
4
4
4
4
5
5
5
5
6
6
6
7
7
7
7
8
8
8
8
9
9
9
9
10
10
10
10
11
11
11
11
12
12
12
12
13
13
13
13
14
14
14
15
15
15
16
16
16
16
17
17
17
18
18
18
18
19
19
19
19
20
20
20
20
21
21
21
22
22
22
22
23
23
23
23
24
24
24
24
25
25
25
25
26
26
26
26
27
27
27
27
28
28
28
28
29
29
29
29
30
30
30
30
31
31
31
31
32
32
32
32
33
33
33
33
34
34
34
34
35
35
35
35
36
36
36
36
37
37
37
38
38
38
39
39
39
39
40
40
40
41
41
41
41
42
42
42
42
43
43
43
44
44
44
44
45
45
45
46
46
46
46
47
47
47
48
48
48
48
49
49
50
50
50
50
51
51
51
52
52
52
53
53
53
53
54
54
54
54
55
55
55
55
56
56
56
56
57
57
57
57
58
58
58
59
59
59
60
60
60
61
61
61
62
62
62
62
63
63
63
63
64
64
64
64
65
65
65
65
66
66
67
67
67
67
68
68
68
68
69
69
69
69
70
70
70
71
71
71
71
72
72
72
72
73
73
73
73
74
74
74
75
75
75
76
76
76
76
77
78
78
78
78
79
79
79
79
80
80
80
81
81
82
82
82
83
83
83
83
84
84
84
84
85
85
85
85
86
86
86
86
87
87
87
87
88
88
88
88
89
89
89
89
90
90
90
91
92
92
92
93
93
93
94
94
94
94
95
95
95
96
96
96
96
97
97
97
97
98
98
99
99
100
100
100
101
101
101
101
102
102
102
103
103
103
103
104
104
104
104
105
105
105
105
106
106
106
106
107
107
107
107
108
108
108
108
109
109
109
110
110
110
111
111
111
112
112
112
112
113
113
113
114
114
114
114
115
115
115
116
116
116
117
117
117
117
118
118
118
118
119
119
119
120
120
120
120
121
121
121
122
122
122
122
123
123
123
123
124
124
124
124
125
126
126
127
128
128
128
128
129
129
129
130
131
131
131
131
132
132
132
133
133
133
134
134
134
134
135
135
135
135
136
136
137
137
137
138
138
138
139
139
139
140
140
141
141
141
141
142
143
143
143
144
144
145
145
145
145
146
146
146
147
147
147
148
148
148
148
149
149
150
150
150
151
151
152
152
152
153
153
153
154
154
154
154
155
155
156
156
156
157
158
158
159
159
159
160
160
160
161
161
162
162
162
163
163
163
164
164
165
166
166
166
167
167
168
168
169
169
169
170
170
171
172
172
172
172
173
173
173
174
174
174
175
175
176
176
176
177
177
177
178
178
178
178
179
179
179
180
180
180
180
181
181
182
182
182
183
183
184
184
184
185
185
185
186
186
186
187
187
188
188
188
188
189
190
190
190
191
191
191
192
192
192
193
193
194
194
194
194
195
195
195
196
196
196
196
197
197
197
198
198
199
199
200
200
200
201
201
202
202
202
202
203
203
203
204
204
205
205
206
206
206
207
207
208
209
209
210
211
211
212
212
212
213
213
214
214
215
215
216
216
216
216
217
217
217
217
218
218
219
219
219
219
220
221
221
222
222
223
223
223
224
224
224
225
226
226
226
228
228
229
229
230
230
231
231
231
232
232
232
232
233
233
234
234
235
235
235
236
236
237
237
237
237
238
239
239
240
240
240
241
241
241
242
242
242
243
243
244
244
244
246
246
246
247
247
247
247
248
248
248
249
249
250
250
250
251
252
253
253
253
253
254
254
255
255
255
256
256
256
256
257
257
258
258
259
259
260
260
261
261
261
262
262
262
263
263
263
263
264
264
264
265
265
265
266
266
266
266
267
267
267
268
268
268
269
269
270
271
272
272
272
273
274
274
275
275
276
276
276
277
277
278
278
280
280
281
281
281
281
282
282
283
283
284
284
285
285
286
286
286
287
287
287
288
288
288
289
290
290
290
290
291
291
291
292
292
293
293
293
294
294
294
295
295
295
295
296
296
296
297
298
298
298
299
299
300
300
301
302
302
302
303
303
303
303
304
304
304
305
306
306
307
308
308
308
309
309
310
311
311
311
312
312
314
314
314
314
315
315
315
315
316
316
316
317
317
318
319
319
319
320
320
320
320
321
322
322
322
322
323
323
323
323
324
324
324
325
325
325
326
326
326
327
328
329
329
329
330
330
330
331
331
331
332
332
333
333
333
334
334
335
336
336
336
336
337
337
338
338
339
339
340
340
340
341
342
342
342
343
343
343
344
344
345
345
345
346
346
347
347
347
348
348
348
349
349
350
350
350
351
351
352
353
353
353
353
354
354
355
355
355
356
356
356
357
357
358
358
358
359
360
360
361
361
361
362
362
362
363
363
363
364
364
364
364
365
367
367
367
368
368
369
369
370
371
372
373
373
373
373
374
374
374
374
375
375
375
376
376
376
377
378
379
379
379
380
381
381
382
382
382
383
383
384
385
385
387
387
389
389
389
389
390
390
391
391
391
392
392
392
393
393
393
394
394
395
395
396
397
397
397
397
399
399
400
400
400
401
401
401
401
402
402
402
403
403
403
403
404
404
405
405
406
408
408
409
409
409
409
410
410
411
411
411
411
412
413
413
414
414
415
417
417
419
419
419
419
420
420
420
421
422
422
422
423
424
424
425
426
426
426
426
427
427
429
429
429
430
430
430
431
432
432
433
434
434
435
435
435
436
436
436
437
437
438
438
439
439
440
440
440
441
441
442
442
443
444
444
444
445
447
447
447
448
448
449
450
451
452
452
452
453
453
454
454
454
454
456
456
456
456
457
458
458
459
459
459
459
460
460
460
461
462
462
462
462
463
463
464
464
465
466
466
467
467
468
468
469
469
469
469
470
470
471
471
471
472
472
472
473
473
473
474
475
475
475
476
476
476
476
477
478
478
479
479
480
481
481
481
482
483
483
483
485
485
485
485
487
488
488
488
488
490
491
493
494
494
494
495
495
496
496
496
496
497
497
499
500
500
501
503
503
503
504
504
504
505
506
506
507
508
509
510
510
511
511
511
513
513
514
516
516
517
517
518
519
519
519
520
520
521
522
523
525
525
525
526
526
526
528
529
530
531
531
531
532
532
533
535
536
536
537
537
538
538
538
539
539
539
540
540
541
541
542
542
542
544
545
547
547
548
548
548
549
550
550
551
551
552
553
553
553
554
554
554
555
555
555
556
556
560
560
560
561
562
562
562
563
563
563
564
564
565
566
566
568
568
568
569
571
572
572
573
573
574
574
574
574
575
575
575
577
577
577
578
578
581
581
583
583
584
584
584
585
585
585
586
587
587
588
589
593
594
594
595
595
595
596
596
597
598
599
600
601
602
604
604
604
605
605
605
606
606
608
608
609
611
611
614
614
614
615
615
616
618
618
619
620
620
621
622
623
626
627
627
629
629
629
630
630
630
631
634
635
638
640
642
642
642
643
646
646
646
647
649
649
650
650
653
653
653
654
655
655
656
657
658
658
661
665
667
667
668
668
670
670
670
670
671
672
672
672
673
674
674
674
675
676
676
676
677
679
680
681
685
686
686
686
687
687
687
689
691
694
694
695
695
696
696
696
696
697
697
698
698
698
699
699
701
702
702
704
704
705
705
705
707
707
708
708
709
709
710
710
711
711
711
711
712
712
713
713
714
714
714
714
715
715
715
716
716
716
717
718
718
718
719
719
719
720
720
720
721
721
721
722
722
723
723
723
724
724
725
725
725
726
726
727
727
728
728
728
729
729
729
729
730
730
731
731
731
732
732
732
733
733
734
734
734
735
735
735
736
736
737
737
738
738
739
739
739
739
740
740
740
741
741
742
742
742
743
743
745
745
746
747
747
748
749
749
750
750
750
750
751
751
752
752
753
753
754
754
755
755
756
756
757
757
758
758
759
762
762
763
763
763
764
764
766
766
766
767
767
767
768
768
768
768
769
769
769
770
770
770
772
772
773
773
773
773
774
774
775
775
776
776
777
777
778
778
778
778
779
779
780
780
780
781
781
781
782
782
783
783
784
784
784
784
785
785
786
787
787
787
787
788
789
789
789
790
790
790
790
791
791
792
792
793
793
793
794
794
795
796
797
797
798
798
799
799
799
800
800
801
801
801
802
804
804
805
806
806
807
807
807
808
808
809
810
811
811
812
812
813
813
814
814
815
815
815
816
816
816
817
818
818
818
819
820
820
821
821
821
822
822
822
823
824
824
824
824
825
825
826
826
826
827
828
828
828
829
829
830
830
830
831
831
831
832
832
833
834
834
836
837
838
838
839
839
840
840
841
841
842
842
842
843
843
844
844
844
844
845
845
845
846
846
847
847
847
847
848
848
848
849
849
850
850
851
851
851
852
852
853
853
854
854
854
855
855
855
856
857
857
858
858
859
859
860
860
860
861
862
862
862
862
863
863
863
865
865
865
866
868
868
869
870
870
870
871
871
872
873
873
873
873
874
874
875
875
875
876
877
877
878
878
879
879
880
880
881
881
882
883
885
885
885
886
886
886
887
887
887
887
888
888
888
889
890
892
892
892
892
893
894
896
897
897
898
899
900
900
901
901
901
902
902
903
903
904
904
904
905
905
906
906
906
907
907
908
909
909
909
910
910
910
913
914
915
916
917
917
918
920
921
923
923
923
923
924
924
924
925
925
925
926
926
927
927
928
928
928
929
929
930
930
931
932
932
932
933
934
934
935
936
937
939
940
940
940
941
941
941
941
942
942
943
943
944
944
945
946
947
948
948
949
949
949
950
951
952
953
953
954
955
955
957
957
957
957
958
959
959
959
960
961
961
962
962
963
963
964
965
965
966
966
967
968
969
969
970
970
970
971
972
972
973
974
975
975
976
976
977
977
977
978
978
979
979
980
981
982
982
983
983
984
985
986
987
987
988
989
989
991
992
993
993
994
994
995
995
996
996
997
998
999
1000
1001
1001
1002
1003
1004
1005
1005
1006
1006
1007
1007
1008
1008
1008
1008
1010
1010
1011
1012
1013
1014
1014
1015
1015
1015
1016
1017
1020
1021
1021
1021
1022
1022
1024
1024
1024
1025
1025
1026
1027
1028
1029
1029
1030
1030
1033
1034
1035
1035
1036
1036
1036
1037
1038
1038
1039
1040
1040
1041
1042
1042
1043
1046
1046
1047
1048
1049
1050
1050
1050
1051
1051
1052
1052
1053
1056
1056
1056
1057
1058
1058
1059
1062
1063
1064
1064
1066
1066
1068
1068
1070
1071
1072
1072
1073
1076
1076
1077
1079
1080
1080
1081
1083
1084
1084
1085
1086
1087
1088
1088
1088
1089
1091
1092
1095
1095
1098
1099
1100
1101
1102
1102
1105
1105
1105
1106
1106
1107
1108
1109
1112
1113
1114
1114
1115
1115
1115
1116
1118
1120
1122
1122
1122
1123
1124
1127
1128
1129
1131
1132
1133
1134
1135
1136
1137
1141
1141
1143
1145
1146
1147
1147
1150
1152
1152
1152
1153
1154
1154
1157
1158
1159
1160
1163
1169
1171
1172
1174
1174
1175
1176
1177
1177
1180
1182
1182
1187
1190
1191
1191
1194
1195
1196
1199
1201
1205
1206
1207
1207
1208
1209
1209
1212
1219
1222
1224
1225
1227
1228
1228
1232
1235
1236
1237
1237
1239
1239
1243
1245
1247
1247
1250
1256
1259
1264
1268
1271
1273
1275
1277
1277
1278
1281
1284
1287
1293
1299
1304
1312
1314
2
3
14
15
43
52
59
60
61
66
74
75
77
81
82
92
98
99
109
111
121
126
129
136
139
143
146
149
151
153
155
164
165
169
170
170
173
175
184
191
192
195
203
205
213
220
223
225
228
233
241
246
251
264
267
273
277
279
282
284
286
288
300
301
302
308
309
310
311
321
333
338
339
346
355
367
381
384
392
395
395
399
406
413
415
418
424
424
425
433
439
445
448
453
458
463
463
466
474
480
487
492
497
502
507
508
509
512
524
525
530
545
552
553
554
555
566
571
571
575
578
578
581
581
583
590
591
592
597
600
605
608
626
629
630
640
642
646
648
650
653
658
661
663
667
672
679
686
687
694
698
699
699
701
702
707
709
710
713
715
717
717
719
723
724
725
726
730
735
737
740
741
742
744
746
747
748
748
751
752
752
754
754
755
757
758
759
759
761
765
766
770
771
776
776
777
780
783
785
788
789
791
792
794
795
801
802
806
809
809
809
810
811
812
813
816
817
817
819
820
820
821
823
823
830
831
833
833
834
835
836
837
837
840
841
842
845
846
846
852
853
859
861
863
864
867
867
869
869
871
872
872
875
876
876
877
880
881
883
884
891
895
895
896
903
903
905
906
907
908
909
914
917
918
919
919
920
921
921
925
926
931
937
939
942
942
943
947
947
950
955
956
956
960
960
961
967
973
974
976
978
979
981
983
988
989
993
993
994
997
997
1000
1000
1003
1003
1009
1009
1010
1012
1016
1018
1019
1022
1023
1028
1035
1039
1043
1043
1046
1047
1048
1049
1052
1053
1053
1057
1059
1060
1060
1061
1063
1065
1069
1070
1071
1073
1082
1085
1092
1092
1102
1104
1106
1107
1107
1110
1111
1112
1112
1113
1116
1117
1119
1120
1126
1126
1128
1134
1135
1137
1137
1138
1139
1140
1143
1143
1145
1148
1149
1150
1151
1151
1151
1153
1155
1159
1159
1160
1162
1164
1164
1166
1168
1169
1179
1184
1184
1187
1188
1189
1192
1193
1193
1194
1194
1195
1196
1197
1197
1198
1199
1200
1203
1203
1205
1206
1207
1209
1218
1219
1221
1231
1236
1237
1238
1239
1240
1240
1247
1249
1250
1251
1253
1256
1258
1259
1260
1262
1262
1266
1266
1267
1267
1271
1272
1273
1275
1277
1279
1280
1283
1288
1289
1292
1293
1295
1296
1296
1300
1302
1303
1305
1306
1308
1311
1311
1312
1313
1313
1315
1316
1316
1329
1330
1330
)


// ************************************************************************* //
