/*--------------------------------*- C++ -*----------------------------------*\
  =========                 |
  \\      /  F ield         | OpenFOAM: The Open Source CFD Toolbox
   \\    /   O peration     | Website:  https://openfoam.org
    \\  /    A nd           | Version:  12
     \\/     M anipulation  |
\*---------------------------------------------------------------------------*/
FoamFile
{
    format      ascii;
    class       faceList;
    location    "constant/polyMesh";
    object      faces;
}
// * * * * * * * * * * * * * * * * * * * * * * * * * * * * * * * * * * * * * //


683
(
3(71 79 35)
3(71 35 78)
3(71 78 79)
3(70 65 105)
3(65 18 105)
3(70 105 18)
3(70 18 65)
3(104 74 20)
3(104 67 74)
3(104 20 67)
3(20 74 67)
3(23 1 104)
3(104 1 68)
3(23 104 68)
3(23 68 1)
3(104 67 22)
3(104 22 103)
3(104 103 67)
3(67 103 22)
3(67 103 74)
3(67 63 103)
3(67 74 63)
3(74 103 63)
3(20 104 64)
3(104 74 64)
3(20 64 74)
3(104 74 103)
3(104 105 74)
3(74 105 103)
3(104 103 105)
3(62 66 12)
3(62 12 72)
3(62 72 66)
3(12 66 72)
3(61 103 63)
3(103 106 63)
3(61 106 103)
3(61 63 106)
3(100 59 95)
3(95 59 99)
3(100 95 99)
3(105 70 66)
3(65 105 66)
3(65 66 70)
3(104 103 68)
3(106 104 68)
3(106 68 103)
3(106 103 104)
3(72 11 106)
3(75 106 11)
3(75 72 106)
3(75 11 72)
3(62 66 13)
3(12 13 66)
3(104 67 23)
3(104 23 22)
3(67 22 23)
3(20 104 1)
3(64 1 104)
3(64 105 104)
3(106 105 64)
3(106 64 104)
3(106 104 105)
3(68 104 22)
3(68 22 103)
3(64 18 105)
3(65 64 105)
3(65 18 64)
3(75 69 106)
3(106 69 16)
3(75 106 16)
3(75 16 69)
3(62 11 106)
3(72 11 62)
3(72 62 106)
3(13 66 105)
3(13 105 70)
3(13 70 66)
3(19 18 105)
3(64 19 105)
3(65 72 106)
3(106 72 17)
3(65 106 17)
3(65 17 72)
3(19 70 105)
3(19 18 70)
3(105 74 64)
3(69 11 61)
3(69 61 10)
3(69 10 11)
3(64 106 65)
3(106 105 65)
3(61 11 106)
3(62 61 106)
3(104 23 20)
3(20 23 1)
3(21 22 103)
3(71 21 103)
3(71 103 22)
3(71 22 21)
3(69 106 11)
3(69 11 75)
3(67 15 103)
3(67 63 15)
3(63 103 15)
3(68 104 16)
3(1 16 104)
3(1 68 16)
3(68 106 16)
3(106 104 16)
3(102 12 39)
3(38 12 102)
3(67 103 21)
3(67 21 22)
3(21 15 103)
3(67 15 21)
3(62 105 13)
3(66 105 62)
3(106 69 68)
3(16 68 69)
3(19 74 64)
3(105 74 19)
3(12 72 11)
3(106 66 72)
3(106 65 66)
3(65 72 66)
3(61 0 103)
3(71 103 0)
3(71 61 103)
3(71 0 61)
3(67 14 63)
3(14 74 63)
3(67 74 14)
3(67 14 15)
3(106 75 17)
3(75 72 17)
3(64 106 17)
3(64 17 65)
3(19 74 20)
3(68 103 69)
3(106 69 103)
3(73 105 74)
3(73 19 105)
3(73 74 19)
3(16 17 106)
3(16 75 17)
3(0 103 63)
3(64 106 16)
3(63 73 13)
3(73 105 13)
3(63 13 105)
3(63 105 73)
3(14 63 73)
3(14 73 13)
3(64 104 16)
3(106 61 69)
3(75 86 47)
3(75 83 86)
3(75 47 83)
3(100 59 94)
3(100 94 95)
3(73 105 70)
3(73 70 13)
3(87 17 46)
3(84 46 17)
3(84 17 87)
3(18 17 65)
3(103 0 21)
3(21 0 71)
3(103 105 63)
3(103 106 105)
3(105 106 63)
3(94 52 60)
3(100 94 60)
3(100 52 94)
3(20 67 23)
3(23 22 68)
3(62 105 63)
3(73 74 63)
3(14 74 73)
3(63 74 105)
3(73 14 43)
3(14 89 43)
3(73 43 89)
3(73 89 14)
3(73 19 70)
3(71 103 69)
3(68 103 71)
3(68 71 69)
3(27 23 1)
3(27 20 23)
3(100 70 98)
3(98 70 99)
3(100 99 70)
3(66 62 106)
3(61 103 69)
3(71 61 69)
3(71 68 22)
3(14 44 90)
3(45 14 90)
3(0 103 15)
3(0 21 15)
3(71 10 61)
3(71 0 10)
3(62 106 63)
3(105 106 62)
3(69 71 10)
3(98 96 70)
3(100 70 96)
3(106 66 105)
3(66 97 102)
3(66 65 97)
3(66 102 65)
3(97 65 102)
3(28 23 78)
3(28 68 23)
3(78 23 68)
3(28 78 68)
3(87 88 101)
3(72 101 88)
3(87 101 72)
3(87 72 88)
3(79 10 71)
3(71 10 35)
3(79 35 10)
3(80 25 93)
3(80 93 26)
3(95 58 99)
3(94 52 9)
3(0 21 35)
3(34 35 21)
3(0 34 21)
3(21 77 67)
3(21 22 77)
3(67 77 22)
3(86 85 81)
3(31 81 85)
3(86 81 31)
3(7 17 101)
3(54 101 17)
3(52 55 94)
3(80 25 92)
3(80 92 93)
3(13 43 73)
3(10 85 36)
3(10 79 85)
3(10 36 79)
3(36 85 79)
3(42 10 85)
3(42 85 36)
3(67 93 92)
3(67 92 74)
3(67 74 93)
3(93 74 92)
3(97 54 65)
3(53 65 54)
3(53 97 65)
3(3 48 81)
3(32 81 48)
3(29 81 68)
3(78 68 81)
3(78 29 68)
3(16 86 81)
3(16 81 48)
3(86 48 81)
3(16 48 86)
3(20 56 74)
3(56 19 74)
3(97 38 66)
3(38 102 66)
3(97 98 66)
3(38 66 98)
3(7 101 87)
3(51 87 101)
3(25 92 76)
3(80 76 92)
3(73 99 13)
3(70 13 99)
3(73 70 99)
3(69 83 85)
3(86 69 85)
3(86 83 69)
3(42 69 85)
3(69 10 85)
3(42 10 69)
3(91 90 74)
3(89 74 90)
3(89 91 74)
3(42 69 83)
3(56 90 74)
3(56 74 91)
3(75 16 86)
3(86 16 69)
3(75 86 69)
3(102 39 72)
3(102 88 39)
3(72 39 88)
3(102 72 88)
3(12 39 72)
3(12 72 102)
3(17 87 7)
3(17 101 87)
3(95 99 73)
3(73 99 100)
3(95 73 100)
3(69 85 81)
3(69 81 86)
3(87 101 50)
3(23 77 28)
3(78 77 23)
3(14 89 44)
3(27 67 77)
3(27 77 23)
3(27 23 67)
3(67 23 77)
3(29 68 16)
3(29 1 68)
3(102 49 88)
3(102 88 50)
3(16 81 68)
3(29 81 16)
3(49 88 39)
3(18 52 96)
3(53 18 96)
3(73 43 95)
3(73 95 89)
3(50 101 88)
3(102 88 101)
3(69 10 79)
3(69 79 85)
3(67 15 76)
3(77 76 15)
3(77 15 67)
3(77 67 76)
3(73 94 91)
3(95 94 73)
3(95 73 91)
3(12 38 66)
3(38 13 66)
3(76 24 92)
3(18 96 70)
3(65 70 96)
3(18 65 96)
3(5 33 92)
3(45 92 33)
3(92 24 33)
3(82 41 75)
3(83 82 75)
3(83 75 41)
3(96 70 52)
3(18 52 70)
3(73 99 43)
3(43 99 13)
3(95 43 99)
3(58 99 43)
3(69 79 71)
3(71 79 68)
3(69 68 79)
3(72 65 101)
3(65 17 101)
3(72 101 17)
3(27 67 80)
3(80 67 77)
3(27 28 23)
3(80 92 67)
3(93 80 67)
3(78 68 79)
3(81 79 68)
3(76 67 92)
3(76 92 15)
3(67 15 92)
3(69 41 11)
3(10 41 69)
3(97 66 96)
3(65 96 66)
3(97 96 65)
3(85 2 36)
3(85 36 30)
3(1 68 28)
3(29 28 68)
3(79 85 81)
3(79 81 69)
3(71 35 21)
3(71 21 78)
3(78 21 35)
3(91 19 73)
3(91 73 74)
3(91 74 19)
3(75 47 16)
3(75 17 47)
3(86 47 16)
3(71 78 68)
3(85 79 31)
3(85 30 79)
3(11 41 75)
3(82 41 11)
3(82 11 75)
3(69 41 75)
3(40 72 39)
3(40 39 88)
3(40 88 72)
3(73 94 19)
3(91 19 94)
3(16 81 69)
3(69 81 68)
3(98 66 70)
3(96 66 98)
3(96 70 66)
3(98 99 13)
3(37 13 99)
3(37 98 13)
3(100 70 52)
3(70 13 98)
3(98 66 13)
3(80 76 67)
3(27 67 20)
3(20 67 80)
3(27 20 80)
3(33 76 15)
3(34 15 76)
3(78 22 23)
3(78 77 22)
3(23 22 77)
3(1 23 28)
3(84 47 17)
3(102 101 72)
3(65 102 72)
3(65 101 102)
3(92 15 33)
3(92 33 76)
3(75 84 82)
3(75 83 84)
3(74 14 90)
3(14 92 90)
3(74 92 14)
3(74 90 92)
3(14 15 92)
3(67 14 92)
3(0 35 71)
3(34 15 77)
3(14 90 89)
3(14 89 74)
3(73 100 19)
3(94 100 73)
3(94 19 100)
3(102 66 12)
3(16 3 81)
3(78 22 21)
3(71 22 78)
3(45 92 15)
3(43 99 37)
3(43 58 37)
3(19 94 55)
3(91 19 55)
3(86 81 32)
3(74 93 56)
3(20 56 93)
3(20 93 74)
3(52 19 94)
3(93 90 74)
3(75 17 84)
3(75 84 47)
3(75 83 69)
3(73 100 70)
3(70 100 19)
3(54 101 65)
3(54 65 17)
3(40 49 39)
3(21 15 77)
3(21 77 34)
3(21 34 15)
3(84 72 17)
3(75 72 84)
3(80 57 26)
3(93 57 80)
3(69 41 83)
3(98 38 13)
3(40 72 11)
3(72 39 11)
3(21 77 35)
3(82 40 11)
3(82 72 11)
3(82 40 72)
3(87 72 17)
3(87 84 72)
3(65 97 101)
3(78 22 68)
3(80 57 4)
3(20 57 80)
3(93 57 20)
3(93 20 80)
3(45 14 92)
3(84 82 72)
3(75 72 82)
3(91 73 89)
3(73 74 89)
3(80 20 4)
3(52 70 19)
3(82 72 87)
3(102 66 72)
3(53 18 65)
3(53 65 96)
3(82 88 72)
3(42 41 69)
3(18 65 54)
3(93 20 67)
3(21 77 78)
3(52 19 100)
3(91 19 56)
3(78 35 79)
3(100 99 59)
3(12 62 13)
3(64 20 1)
3(64 18 19)
3(10 61 11)
3(62 11 61)
3(38 39 12)
3(38 102 39)
3(62 12 11)
3(14 63 15)
3(19 20 64)
3(0 63 61)
3(17 64 16)
3(14 13 63)
3(86 83 47)
3(95 94 59)
3(84 87 46)
3(64 17 18)
3(100 60 52)
3(62 63 13)
3(27 1 20)
3(100 98 99)
3(64 1 16)
3(45 90 44)
3(45 44 14)
3(0 15 63)
3(0 61 10)
3(62 61 63)
3(100 96 98)
3(93 25 26)
3(80 26 25)
3(58 59 99)
3(95 59 58)
3(9 52 60)
3(94 9 60)
3(0 35 34)
3(86 31 85)
3(7 54 17)
3(7 101 54)
3(9 94 55)
3(52 9 55)
3(60 59 94)
3(100 59 60)
3(93 92 25)
3(13 14 43)
3(42 36 10)
3(53 54 97)
3(32 3 81)
3(32 48 3)
3(78 81 29)
3(20 19 56)
3(97 102 38)
3(97 38 98)
3(51 7 87)
3(51 101 7)
3(80 25 76)
3(86 85 83)
3(89 90 91)
3(42 83 85)
3(56 91 90)
3(51 50 101)
3(51 87 50)
3(78 28 77)
3(43 44 89)
3(43 14 44)
3(29 16 1)
3(49 50 88)
3(102 50 49)
3(102 49 39)
3(53 96 52)
3(53 52 18)
3(95 43 89)
3(102 101 50)
3(95 91 94)
3(12 13 38)
3(25 92 24)
3(76 25 24)
3(5 45 33)
3(5 92 45)
3(5 33 24)
3(5 24 92)
3(83 41 82)
3(95 58 43)
3(27 80 77)
3(27 77 28)
3(87 88 50)
3(78 79 81)
3(10 11 41)
3(36 2 30)
3(85 30 2)
3(29 1 28)
3(46 7 17)
3(87 7 46)
3(16 47 17)
3(31 79 30)
3(85 31 30)
3(42 85 2)
3(42 2 36)
3(37 99 98)
3(96 100 52)
3(33 34 76)
3(33 15 34)
3(47 46 17)
3(84 46 47)
3(84 83 82)
3(0 10 35)
3(76 34 77)
3(35 36 79)
3(35 10 36)
3(98 96 97)
3(89 44 90)
3(29 81 3)
3(16 29 3)
3(31 81 79)
3(45 15 33)
3(43 37 13)
3(58 99 37)
3(91 55 94)
3(31 32 81)
3(31 86 32)
3(52 55 19)
3(56 90 93)
3(27 28 1)
3(49 6 39)
3(40 39 6)
3(40 6 49)
3(36 30 79)
3(93 26 57)
3(16 3 48)
3(40 11 39)
3(34 35 77)
3(40 41 11)
3(82 41 40)
3(80 76 77)
3(0 34 15)
3(97 54 101)
3(26 4 57)
3(80 4 26)
3(45 92 90)
3(38 13 37)
3(98 38 37)
3(12 39 11)
3(40 49 88)
3(20 57 4)
3(14 15 45)
3(52 19 18)
3(86 48 32)
3(82 87 84)
3(58 37 8)
3(43 8 37)
3(43 58 8)
3(78 29 28)
3(82 40 88)
3(42 10 41)
3(53 18 54)
3(56 57 20)
3(56 93 57)
3(84 47 83)
3(18 17 54)
3(78 77 35)
3(95 89 91)
3(76 24 33)
3(56 19 55)
3(91 56 55)
3(53 97 96)
3(93 90 92)
3(16 48 47)
3(86 47 48)
3(27 4 80)
3(27 20 4)
3(42 41 83)
3(102 97 101)
3(82 88 87)
)


// ************************************************************************* //
