/*--------------------------------*- C++ -*----------------------------------*\
  =========                 |
  \\      /  F ield         | OpenFOAM: The Open Source CFD Toolbox
   \\    /   O peration     | Website:  https://openfoam.org
    \\  /    A nd           | Version:  12
     \\/     M anipulation  |
\*---------------------------------------------------------------------------*/
FoamFile
{
    format      ascii;
    class       labelList;
    note        "nPoints: 107 nCells: 298 nFaces: 683 nInternalFaces: 509";
    location    "constant/polyMesh";
    object      owner;
}
// * * * * * * * * * * * * * * * * * * * * * * * * * * * * * * * * * * * * * //


683
(
0
0
0
1
1
1
1
2
2
2
2
3
3
3
3
4
4
4
4
5
5
5
5
6
6
6
7
7
7
7
8
8
8
8
9
9
9
9
10
10
10
11
11
11
12
12
12
12
13
13
13
13
14
14
15
15
15
16
16
17
17
17
17
18
18
19
19
19
20
20
20
20
21
21
21
22
22
22
23
23
25
25
25
25
26
26
27
28
28
28
29
29
30
30
31
31
32
32
32
32
33
33
34
34
34
35
35
35
36
36
37
37
38
38
39
39
40
40
41
41
42
42
43
44
44
44
45
45
45
45
46
46
46
47
48
48
49
49
50
51
51
52
52
52
53
53
54
55
56
56
56
56
57
57
58
59
60
60
60
61
61
62
62
63
63
63
64
65
65
66
66
66
67
67
67
68
69
70
71
71
72
73
73
73
73
75
76
76
76
77
77
78
78
78
79
80
80
82
83
83
84
85
86
86
89
89
90
92
92
93
95
95
95
95
96
96
96
96
97
97
97
97
98
98
98
99
99
100
101
102
102
102
103
103
103
104
104
104
105
105
106
108
108
109
110
110
110
110
111
111
112
112
112
112
113
113
113
114
114
115
115
115
116
116
116
116
117
117
118
118
119
119
120
120
121
121
122
122
122
123
123
123
124
124
124
125
125
125
126
127
127
128
128
128
129
129
129
129
130
130
131
131
132
132
132
133
133
134
135
135
136
137
137
137
137
138
138
139
139
140
140
141
142
142
143
143
144
144
145
145
146
146
146
146
147
147
147
148
148
149
150
150
150
151
151
152
153
153
153
154
154
155
155
156
156
157
157
157
158
158
158
159
159
160
162
162
163
163
164
164
164
165
165
166
166
166
168
168
169
169
171
171
172
172
172
173
173
173
174
174
175
176
177
177
178
178
178
179
181
181
181
182
182
183
183
184
184
184
185
185
185
186
187
188
189
190
190
190
191
191
192
192
192
193
195
196
196
196
197
197
198
198
199
199
199
199
200
200
201
202
205
205
206
206
206
211
212
213
213
216
217
218
219
219
220
221
221
221
222
223
225
225
226
227
227
228
228
229
231
231
231
232
232
233
233
236
237
238
238
239
240
242
242
246
246
247
248
249
250
250
250
251
253
253
255
255
257
260
262
263
268
268
269
270
271
274
280
283
286
0
10
14
16
23
28
30
37
37
43
47
50
54
55
57
60
61
63
64
67
70
77
78
81
83
83
84
86
91
92
99
99
100
100
101
101
102
104
105
105
106
106
107
107
108
109
111
113
114
114
115
117
118
119
120
120
121
123
125
126
127
134
134
135
136
136
138
139
139
141
142
142
143
144
147
148
149
149
151
151
152
152
153
156
159
160
161
163
165
168
168
169
170
170
174
177
177
180
180
185
186
191
191
195
195
198
201
202
203
203
207
208
212
212
215
216
217
218
219
220
220
222
223
224
229
229
229
230
233
235
238
239
240
240
241
245
247
249
249
251
252
252
254
256
257
259
260
261
262
266
266
266
267
269
270
271
273
273
277
278
280
281
282
286
286
287
289
290
290
291
291
292
295
296
)


// ************************************************************************* //
