/*--------------------------------*- C++ -*----------------------------------*\
  =========                 |
  \\      /  F ield         | OpenFOAM: The Open Source CFD Toolbox
   \\    /   O peration     | Website:  https://openfoam.org
    \\  /    A nd           | Version:  12
     \\/     M anipulation  |
\*---------------------------------------------------------------------------*/
FoamFile
{
    format      ascii;
    class       faceList;
    location    "constant/polyMesh";
    object      faces;
}
// * * * * * * * * * * * * * * * * * * * * * * * * * * * * * * * * * * * * * //


892
(
4(37 157 314 161)
4(26 161 314 153)
4(25 153 314 157)
4(1 25 157 37)
4(1 26 153 25)
4(161 32 154 314)
4(157 314 154 31)
4(5 31 154 32)
4(37 157 31 5)
4(161 314 159 39)
4(153 28 159 314)
4(2 39 159 28)
4(26 2 28 153)
4(314 159 34 154)
4(32 154 34 6)
4(39 6 34 159)
4(157 156 315 314)
4(153 314 315 152)
4(24 152 315 156)
4(25 24 156 157)
4(25 153 152 24)
4(314 154 155 315)
4(156 315 155 30)
4(31 30 155 154)
4(157 156 30 31)
4(314 315 158 159)
4(152 27 158 315)
4(28 159 158 27)
4(153 28 27 152)
4(315 158 33 155)
4(154 155 33 34)
4(159 34 33 158)
4(156 36 160 315)
4(152 315 160 29)
4(24 0 36 156)
4(24 152 29 0)
4(315 155 35 160)
4(30 4 35 155)
4(156 36 4 30)
4(315 160 38 158)
4(27 158 38 3)
4(152 27 3 29)
4(155 35 7 33)
4(158 33 7 38)
3(46 171 167)
4(53 47 167 171)
4(11 53 171 46)
4(11 46 167 47)
3(45 172 164)
4(171 167 164 172)
4(46 171 172 45)
4(46 45 164 167)
4(172 164 42 52)
4(45 172 52 10)
4(45 10 42 164)
4(167 171 316 166)
4(48 166 316 173)
4(53 173 316 171)
4(47 167 166 48)
4(164 172 317 163)
4(166 163 317 316)
4(171 316 317 172)
4(167 164 163 166)
4(163 43 170 317)
4(172 317 170 52)
4(164 42 43 163)
4(166 316 168 165)
4(49 165 168 50)
4(173 50 168 316)
4(48 166 165 49)
4(163 317 169 162)
4(165 162 169 168)
4(316 168 169 317)
4(166 163 162 165)
4(162 44 51 169)
4(317 169 51 170)
4(163 43 44 162)
3(165 168 41)
4(50 9 41 168)
4(49 165 41 9)
3(162 169 40)
4(168 41 40 169)
4(165 162 40 41)
4(169 40 8 51)
4(162 44 8 40)
4(34 168 316 154)
4(32 154 316 173)
4(6 50 168 34)
4(33 169 317 155)
4(154 155 317 316)
4(34 168 169 33)
4(155 35 170 317)
4(33 169 51 7)
4(154 316 171 31)
4(5 31 171 53)
4(155 317 172 30)
4(31 30 172 171)
4(30 4 52 172)
3(57 182 175)
4(63 61 175 182)
4(13 63 182 57)
4(13 57 175 61)
3(58 181 174)
4(182 175 174 181)
4(57 182 181 58)
4(57 58 174 175)
4(181 174 56 62)
4(58 181 62 12)
4(58 12 56 174)
4(175 182 318 177)
4(60 177 318 183)
4(63 183 318 182)
4(61 175 177 60)
4(174 181 319 176)
4(177 176 319 318)
4(182 318 319 181)
4(175 174 176 177)
4(176 55 180 319)
4(181 319 180 62)
4(174 56 55 176)
4(177 318 169 179)
4(59 179 169 51)
4(183 51 169 318)
4(60 177 179 59)
4(176 319 168 178)
4(179 178 168 169)
4(318 169 168 319)
4(177 176 178 179)
4(178 54 50 168)
4(319 168 50 180)
4(176 55 54 178)
3(179 169 40)
4(59 179 40 8)
3(178 168 41)
4(179 178 41 40)
4(178 54 9 41)
4(33 169 318 158)
4(38 158 318 183)
4(34 168 319 159)
4(158 159 319 318)
4(159 39 180 319)
4(158 318 182 27)
4(3 27 182 63)
4(159 319 181 28)
4(27 28 181 182)
4(28 2 62 181)
3(68 191 189)
4(73 69 189 191)
4(15 73 191 68)
4(15 68 189 69)
3(67 192 186)
4(191 189 186 192)
4(68 191 192 67)
4(68 67 186 189)
4(192 186 64 72)
4(67 192 72 14)
4(67 14 64 186)
4(189 191 320 188)
4(70 188 320 193)
4(73 193 320 191)
4(69 189 188 70)
4(186 192 321 185)
4(188 185 321 320)
4(191 320 321 192)
4(189 186 185 188)
4(185 65 190 321)
4(192 321 190 72)
4(186 64 65 185)
4(188 320 171 187)
4(71 187 171 53)
4(193 53 171 320)
4(70 188 187 71)
4(185 321 172 184)
4(187 184 172 171)
4(320 171 172 321)
4(188 185 184 187)
4(184 66 52 172)
4(321 172 52 190)
4(185 65 66 184)
3(187 171 46)
4(71 187 46 11)
3(184 172 45)
4(187 184 45 46)
4(184 66 10 45)
4(31 171 320 157)
4(37 157 320 193)
4(30 172 321 156)
4(157 156 321 320)
4(156 36 190 321)
4(157 320 191 25)
4(1 25 191 73)
4(156 321 192 24)
4(25 24 192 191)
4(24 0 72 192)
3(67 192 195)
4(72 79 195 192)
4(14 67 195 79)
3(68 191 194)
4(192 195 194 191)
4(67 68 194 195)
4(191 194 76 73)
4(68 15 76 194)
4(195 192 322 197)
4(78 197 322 201)
4(72 201 322 192)
4(79 195 197 78)
4(194 191 323 196)
4(197 196 323 322)
4(192 322 323 191)
4(195 194 196 197)
4(196 75 200 323)
4(191 323 200 73)
4(194 76 75 196)
4(197 322 182 199)
4(77 199 182 63)
4(201 63 182 322)
4(78 197 199 77)
4(196 323 181 198)
4(199 198 181 182)
4(322 182 181 323)
4(197 196 198 199)
4(198 74 62 181)
4(323 181 62 200)
4(196 75 74 198)
3(199 182 57)
4(77 199 57 13)
3(198 181 58)
4(199 198 58 57)
4(198 74 12 58)
4(27 182 322 152)
4(29 152 322 201)
4(28 181 323 153)
4(152 153 323 322)
4(153 26 200 323)
4(152 322 192 24)
4(153 323 191 25)
3(80 217 202)
4(99 90 202 217)
4(16 99 217 80)
3(81 216 208)
4(217 202 208 216)
4(80 217 216 81)
4(216 208 82 97)
4(81 216 97 17)
4(202 217 328 203)
4(91 203 328 230)
4(99 230 328 217)
4(208 216 329 209)
4(203 209 329 328)
4(217 328 329 216)
4(209 83 218 329)
4(216 329 218 97)
4(203 328 326 204)
4(92 204 326 229)
4(230 229 326 328)
4(209 329 327 210)
4(204 210 327 326)
4(328 326 327 329)
4(210 84 219 327)
4(329 327 219 218)
3(204 326 205)
4(229 93 205 326)
3(210 327 211)
4(326 205 211 327)
4(327 211 85 219)
4(205 326 324 206)
4(94 206 324 228)
4(229 228 324 326)
4(211 327 325 212)
4(206 212 325 324)
4(326 324 325 327)
4(212 86 220 325)
4(327 325 220 219)
4(206 324 225 207)
4(95 207 225 103)
4(228 103 225 324)
4(212 325 224 213)
4(207 213 224 225)
4(324 225 224 325)
4(213 87 101 224)
4(325 224 101 220)
3(207 225 88)
4(103 19 88 225)
3(213 224 89)
4(225 88 89 224)
4(224 89 18 101)
4(57 227 330 199)
4(102 231 330 227)
4(77 199 330 231)
4(13 102 227 57)
4(58 226 331 198)
4(227 330 331 226)
4(199 198 331 330)
4(57 227 226 58)
4(226 331 223 100)
4(198 74 223 331)
4(58 226 100 12)
4(227 225 324 330)
4(231 330 324 228)
4(102 103 225 227)
4(226 224 325 331)
4(330 331 325 324)
4(227 225 224 226)
4(331 223 220 325)
4(226 224 101 100)
4(199 330 332 197)
4(231 232 332 330)
4(78 197 332 232)
4(198 331 333 196)
4(330 332 333 331)
4(197 196 333 332)
4(331 333 222 223)
4(196 75 222 333)
4(330 324 326 332)
4(232 332 326 229)
4(331 325 327 333)
4(332 333 327 326)
4(333 222 219 327)
4(197 332 334 195)
4(232 233 334 332)
4(79 195 334 233)
4(196 333 335 194)
4(332 334 335 333)
4(195 194 335 334)
4(333 335 221 222)
4(194 76 221 335)
4(332 326 328 334)
4(233 334 328 230)
4(333 327 329 335)
4(334 335 329 328)
4(335 221 218 329)
4(195 334 215 67)
4(233 98 215 334)
4(14 67 215 98)
4(194 335 214 68)
4(334 215 214 335)
4(67 68 214 215)
4(335 214 96 221)
4(68 15 96 214)
4(334 328 217 215)
4(98 215 217 99)
4(335 329 216 214)
4(215 214 216 217)
4(214 96 97 216)
3(81 216 235)
4(97 112 235 216)
3(80 217 234)
4(216 235 234 217)
4(217 234 104 99)
4(235 216 340 237)
4(113 237 340 258)
4(97 258 340 216)
4(234 217 341 236)
4(237 236 341 340)
4(216 340 341 217)
4(236 105 246 341)
4(217 341 246 99)
4(237 340 338 239)
4(114 239 338 257)
4(258 257 338 340)
4(236 341 339 238)
4(239 238 339 338)
4(340 338 339 341)
4(238 106 247 339)
4(341 339 247 246)
3(239 338 241)
4(257 115 241 338)
3(238 339 240)
4(338 241 240 339)
4(339 240 107 247)
4(241 338 336 243)
4(116 243 336 256)
4(257 256 336 338)
4(240 339 337 242)
4(243 242 337 336)
4(338 336 337 339)
4(242 108 248 337)
4(339 337 248 247)
4(243 336 254 245)
4(117 245 254 121)
4(256 121 254 336)
4(242 337 255 244)
4(245 244 255 254)
4(336 254 255 337)
4(244 109 119 255)
4(337 255 119 248)
3(245 254 111)
4(121 21 111 254)
3(244 255 110)
4(254 111 110 255)
4(255 110 20 119)
4(46 252 342 187)
4(120 259 342 252)
4(71 187 342 259)
4(11 120 252 46)
4(45 253 343 184)
4(252 342 343 253)
4(187 184 343 342)
4(46 252 253 45)
4(253 343 251 118)
4(184 66 251 343)
4(45 253 118 10)
4(252 254 336 342)
4(259 342 336 256)
4(120 121 254 252)
4(253 255 337 343)
4(342 343 337 336)
4(252 254 255 253)
4(343 251 248 337)
4(253 255 119 118)
4(187 342 344 188)
4(259 260 344 342)
4(70 188 344 260)
4(184 343 345 185)
4(342 344 345 343)
4(188 185 345 344)
4(343 345 250 251)
4(185 65 250 345)
4(342 336 338 344)
4(260 344 338 257)
4(343 337 339 345)
4(344 345 339 338)
4(345 250 247 339)
4(188 344 346 189)
4(260 261 346 344)
4(69 189 346 261)
4(185 345 347 186)
4(344 346 347 345)
4(189 186 347 346)
4(345 347 249 250)
4(186 64 249 347)
4(344 338 340 346)
4(261 346 340 258)
4(345 339 341 347)
4(346 347 341 340)
4(347 249 246 341)
4(189 346 214 68)
4(261 96 214 346)
4(186 347 215 67)
4(346 214 215 347)
4(347 215 98 249)
4(346 340 216 214)
4(347 341 217 215)
3(129 280 263)
4(139 135 263 280)
4(23 139 280 129)
3(128 281 262)
4(280 263 262 281)
4(129 280 281 128)
4(281 262 127 137)
4(128 281 137 22)
4(263 280 352 265)
4(134 265 352 286)
4(139 286 352 280)
4(262 281 353 264)
4(265 264 353 352)
4(280 352 353 281)
4(264 126 274 353)
4(281 353 274 137)
4(265 352 350 267)
4(133 267 350 285)
4(286 285 350 352)
4(264 353 351 266)
4(267 266 351 350)
4(352 350 351 353)
4(266 125 275 351)
4(353 351 275 274)
3(267 350 269)
4(285 132 269 350)
3(266 351 268)
4(350 269 268 351)
4(351 268 124 275)
4(269 350 348 271)
4(131 271 348 284)
4(285 284 348 350)
4(268 351 349 270)
4(271 270 349 348)
4(350 348 349 351)
4(270 123 276 349)
4(351 349 276 275)
4(271 348 224 273)
4(130 273 224 101)
4(284 101 224 348)
4(270 349 225 272)
4(273 272 225 224)
4(348 224 225 349)
4(272 122 103 225)
4(349 225 103 276)
3(273 224 89)
3(272 225 88)
4(58 226 354 174)
4(100 287 354 226)
4(56 174 354 287)
4(57 227 355 175)
4(226 354 355 227)
4(174 175 355 354)
4(227 355 279 102)
4(175 61 279 355)
4(226 224 348 354)
4(287 354 348 284)
4(227 225 349 355)
4(354 355 349 348)
4(355 279 276 349)
4(174 354 356 176)
4(287 288 356 354)
4(55 176 356 288)
4(175 355 357 177)
4(354 356 357 355)
4(176 177 357 356)
4(355 357 278 279)
4(177 60 278 357)
4(354 348 350 356)
4(288 356 350 285)
4(355 349 351 357)
4(356 357 351 350)
4(357 278 275 351)
4(176 356 358 178)
4(288 289 358 356)
4(54 178 358 289)
4(177 357 359 179)
4(356 358 359 357)
4(178 179 359 358)
4(357 359 277 278)
4(179 59 277 359)
4(356 350 352 358)
4(289 358 352 286)
4(357 351 353 359)
4(358 359 353 352)
4(359 277 274 353)
4(178 358 282 41)
4(289 138 282 358)
4(9 41 282 138)
4(179 359 283 40)
4(358 282 283 359)
4(41 40 283 282)
4(359 283 136 277)
4(40 8 136 283)
4(358 352 280 282)
4(138 282 280 139)
4(359 353 281 283)
4(282 283 281 280)
4(283 136 137 281)
3(128 281 301)
4(137 151 301 281)
3(129 280 295)
4(281 301 295 280)
4(280 295 145 139)
4(301 281 364 300)
4(150 300 364 310)
4(137 310 364 281)
4(295 280 365 294)
4(300 294 365 364)
4(281 364 365 280)
4(294 144 302 365)
4(280 365 302 139)
4(300 364 362 299)
4(149 299 362 309)
4(310 309 362 364)
4(294 365 363 293)
4(299 293 363 362)
4(364 362 363 365)
4(293 143 303 363)
4(365 363 303 302)
3(299 362 298)
4(309 148 298 362)
3(293 363 292)
4(362 298 292 363)
4(363 292 142 303)
4(298 362 360 297)
4(147 297 360 308)
4(309 308 360 362)
4(292 363 361 291)
4(297 291 361 360)
4(362 360 361 363)
4(291 141 304 361)
4(363 361 304 303)
4(297 360 255 296)
4(146 296 255 119)
4(308 119 255 360)
4(291 361 254 290)
4(296 290 254 255)
4(360 255 254 361)
4(290 140 121 254)
4(361 254 121 304)
3(296 255 110)
3(290 254 111)
4(45 253 366 164)
4(118 311 366 253)
4(42 164 366 311)
4(46 252 367 167)
4(253 366 367 252)
4(164 167 367 366)
4(252 367 307 120)
4(167 47 307 367)
4(253 255 360 366)
4(311 366 360 308)
4(252 254 361 367)
4(366 367 361 360)
4(367 307 304 361)
4(164 366 368 163)
4(311 312 368 366)
4(43 163 368 312)
4(167 367 369 166)
4(366 368 369 367)
4(163 166 369 368)
4(367 369 306 307)
4(166 48 306 369)
4(366 360 362 368)
4(312 368 362 309)
4(367 361 363 369)
4(368 369 363 362)
4(369 306 303 363)
4(163 368 370 162)
4(312 313 370 368)
4(44 162 370 313)
4(166 369 371 165)
4(368 370 371 369)
4(162 165 371 370)
4(369 371 305 306)
4(165 49 305 371)
4(368 362 364 370)
4(313 370 364 310)
4(369 363 365 371)
4(370 371 365 364)
4(371 305 302 365)
4(162 370 283 40)
4(313 136 283 370)
4(165 371 282 41)
4(370 283 282 371)
4(371 282 138 305)
4(370 364 281 283)
4(371 365 280 282)
4(1 37 161 26)
4(37 5 32 161)
4(26 161 39 2)
4(161 32 6 39)
4(0 29 160 36)
4(36 160 35 4)
4(29 3 38 160)
4(160 38 7 35)
3(11 47 53)
3(10 52 42)
4(47 48 173 53)
4(42 52 170 43)
4(48 49 50 173)
4(43 170 51 44)
3(49 9 50)
3(44 51 8)
4(6 32 173 50)
4(7 51 170 35)
4(32 5 53 173)
4(35 170 52 4)
3(13 61 63)
3(12 62 56)
4(61 60 183 63)
4(56 62 180 55)
4(60 59 51 183)
4(55 180 50 54)
3(59 8 51)
3(54 50 9)
4(7 38 183 51)
4(6 50 180 39)
4(38 3 63 183)
4(39 180 62 2)
3(15 69 73)
3(14 72 64)
4(69 70 193 73)
4(64 72 190 65)
4(70 71 53 193)
4(65 190 52 66)
3(71 11 53)
3(66 52 10)
4(5 37 193 53)
4(4 52 190 36)
4(37 1 73 193)
4(36 190 72 0)
3(14 79 72)
3(15 73 76)
4(79 78 201 72)
4(76 73 200 75)
4(78 77 63 201)
4(75 200 62 74)
3(77 13 63)
3(74 62 12)
4(3 29 201 63)
4(2 62 200 26)
4(29 0 72 201)
4(26 200 73 1)
3(16 90 99)
4(16 80 202 90)
4(80 81 208 202)
3(17 97 82)
4(81 17 82 208)
4(90 91 230 99)
4(90 202 203 91)
4(202 208 209 203)
4(82 97 218 83)
4(208 82 83 209)
4(91 92 229 230)
4(91 203 204 92)
4(203 209 210 204)
4(83 218 219 84)
4(209 83 84 210)
3(92 93 229)
4(92 204 205 93)
4(204 210 211 205)
3(84 219 85)
4(210 84 85 211)
4(93 94 228 229)
4(93 205 206 94)
4(205 211 212 206)
4(85 219 220 86)
4(211 85 86 212)
4(94 95 103 228)
4(94 206 207 95)
4(206 212 213 207)
4(86 220 101 87)
4(212 86 87 213)
3(95 19 103)
4(95 207 88 19)
4(207 213 89 88)
3(87 101 18)
4(213 87 18 89)
4(13 77 231 102)
4(12 100 223 74)
4(102 231 228 103)
4(100 101 220 223)
4(77 78 232 231)
4(74 223 222 75)
4(231 232 229 228)
4(223 220 219 222)
4(78 79 233 232)
4(75 222 221 76)
4(232 233 230 229)
4(222 219 218 221)
4(79 14 98 233)
4(76 221 96 15)
4(233 98 99 230)
4(221 218 97 96)
3(17 112 97)
4(17 81 235 112)
4(81 80 234 235)
3(16 99 104)
4(80 16 104 234)
4(112 113 258 97)
4(112 235 237 113)
4(235 234 236 237)
4(104 99 246 105)
4(234 104 105 236)
4(113 114 257 258)
4(113 237 239 114)
4(237 236 238 239)
4(105 246 247 106)
4(236 105 106 238)
3(114 115 257)
4(114 239 241 115)
4(239 238 240 241)
3(106 247 107)
4(238 106 107 240)
4(115 116 256 257)
4(115 241 243 116)
4(241 240 242 243)
4(107 247 248 108)
4(240 107 108 242)
4(116 117 121 256)
4(116 243 245 117)
4(243 242 244 245)
4(108 248 119 109)
4(242 108 109 244)
3(117 21 121)
4(117 245 111 21)
4(245 244 110 111)
3(109 119 20)
4(244 109 20 110)
4(11 71 259 120)
4(10 118 251 66)
4(120 259 256 121)
4(118 119 248 251)
4(71 70 260 259)
4(66 251 250 65)
4(259 260 257 256)
4(251 248 247 250)
4(70 69 261 260)
4(65 250 249 64)
4(260 261 258 257)
4(250 247 246 249)
4(69 15 96 261)
4(64 249 98 14)
4(261 96 97 258)
4(249 246 99 98)
3(23 135 139)
4(23 129 263 135)
4(129 128 262 263)
3(22 137 127)
4(128 22 127 262)
4(135 134 286 139)
4(135 263 265 134)
4(263 262 264 265)
4(127 137 274 126)
4(262 127 126 264)
4(134 133 285 286)
4(134 265 267 133)
4(265 264 266 267)
4(126 274 275 125)
4(264 126 125 266)
3(133 132 285)
4(133 267 269 132)
4(267 266 268 269)
3(125 275 124)
4(266 125 124 268)
4(132 131 284 285)
4(132 269 271 131)
4(269 268 270 271)
4(124 275 276 123)
4(268 124 123 270)
4(131 130 101 284)
4(131 271 273 130)
4(271 270 272 273)
4(123 276 103 122)
4(270 123 122 272)
3(130 18 101)
4(130 273 89 18)
4(273 272 88 89)
3(122 103 19)
4(272 122 19 88)
4(12 56 287 100)
4(13 102 279 61)
4(100 287 284 101)
4(102 103 276 279)
4(56 55 288 287)
4(61 279 278 60)
4(287 288 285 284)
4(279 276 275 278)
4(55 54 289 288)
4(60 278 277 59)
4(288 289 286 285)
4(278 275 274 277)
4(54 9 138 289)
4(59 277 136 8)
4(289 138 139 286)
4(277 274 137 136)
3(22 151 137)
4(22 128 301 151)
4(128 129 295 301)
3(23 139 145)
4(129 23 145 295)
4(151 150 310 137)
4(151 301 300 150)
4(301 295 294 300)
4(145 139 302 144)
4(295 145 144 294)
4(150 149 309 310)
4(150 300 299 149)
4(300 294 293 299)
4(144 302 303 143)
4(294 144 143 293)
3(149 148 309)
4(149 299 298 148)
4(299 293 292 298)
3(143 303 142)
4(293 143 142 292)
4(148 147 308 309)
4(148 298 297 147)
4(298 292 291 297)
4(142 303 304 141)
4(292 142 141 291)
4(147 146 119 308)
4(147 297 296 146)
4(297 291 290 296)
4(141 304 121 140)
4(291 141 140 290)
3(146 20 119)
4(146 296 110 20)
4(296 290 111 110)
3(140 121 21)
4(290 140 21 111)
4(10 42 311 118)
4(11 120 307 47)
4(118 311 308 119)
4(120 121 304 307)
4(42 43 312 311)
4(47 307 306 48)
4(311 312 309 308)
4(307 304 303 306)
4(43 44 313 312)
4(48 306 305 49)
4(312 313 310 309)
4(306 303 302 305)
4(44 8 136 313)
4(49 305 138 9)
4(313 136 137 310)
4(305 302 139 138)
)


// ************************************************************************* //
