/*--------------------------------*- C++ -*----------------------------------*\
  =========                 |
  \\      /  F ield         | OpenFOAM: The Open Source CFD Toolbox
   \\    /   O peration     | Website:  https://openfoam.org
    \\  /    A nd           | Version:  12
     \\/     M anipulation  |
\*---------------------------------------------------------------------------*/
FoamFile
{
    format      ascii;
    class       labelList;
    note        "nPoints: 620 nCells: 468 nFaces: 1545 nInternalFaces: 1167";
    location    "constant/polyMesh";
    object      neighbour;
}
// * * * * * * * * * * * * * * * * * * * * * * * * * * * * * * * * * * * * * //


1167
(
1
3
9
128
163
2
4
10
124
5
11
64
120
4
6
12
159
5
7
13
8
14
60
7
15
99
155
8
16
95
17
56
91
10
12
18
129
162
11
13
19
125
14
20
65
121
13
15
21
158
14
16
22
17
23
61
16
24
98
154
17
25
94
26
57
90
19
21
27
130
161
20
22
28
126
23
29
66
122
22
24
30
157
23
25
31
26
32
62
25
33
97
153
26
34
93
35
58
89
28
30
131
160
29
31
127
32
67
123
31
33
156
32
34
35
63
34
96
152
35
92
59
88
37
40
64
116
431
38
41
65
117
430
39
42
66
118
429
43
67
119
428
41
44
439
42
45
438
43
46
437
47
436
45
48
60
447
46
49
61
446
47
50
62
445
51
63
444
49
52
455
50
53
454
51
54
453
55
452
53
56
87
463
54
57
86
462
55
58
85
461
59
84
460
57
60
91
58
61
90
59
62
89
63
88
61
64
62
65
63
66
67
65
120
66
121
67
122
123
69
72
96
148
355
70
73
97
149
354
71
74
98
150
353
75
99
151
352
73
76
363
74
77
362
75
78
361
79
360
77
80
92
371
78
81
93
370
79
82
94
369
83
95
368
81
84
379
82
85
378
83
86
377
87
376
85
88
387
86
89
386
87
90
385
91
384
89
92
90
93
91
94
95
93
96
94
97
95
98
99
97
152
98
153
99
154
155
101
104
128
135
308
102
105
129
134
309
103
106
130
133
310
107
131
132
311
105
108
300
106
109
301
107
110
302
111
303
109
112
124
292
110
113
125
293
111
114
126
294
115
127
295
113
116
284
114
117
285
115
118
286
119
287
117
120
276
118
121
277
119
122
278
123
279
121
124
122
125
123
126
127
125
128
126
129
127
130
131
129
163
130
162
131
161
160
133
136
160
232
134
137
161
233
135
138
162
234
139
163
235
137
140
224
138
141
225
139
142
226
143
227
141
144
156
216
142
145
157
217
143
146
158
218
147
159
219
145
148
208
146
149
209
147
150
210
151
211
149
152
200
150
153
201
151
154
202
155
203
153
156
154
157
155
158
159
157
160
158
161
159
162
163
161
162
163
165
168
243
166
169
242
167
170
241
171
240
169
172
236
170
173
237
171
174
238
175
239
173
176
228
174
177
229
175
178
230
179
231
177
180
178
181
179
182
183
181
184
220
182
185
221
183
186
222
187
223
185
188
186
189
187
190
191
189
192
212
190
193
213
191
194
214
195
215
193
196
204
194
197
205
195
198
206
199
207
197
351
198
350
199
349
348
201
204
208
355
202
205
209
354
203
206
210
353
207
211
352
205
212
359
206
213
358
207
214
357
215
356
209
212
216
210
213
217
211
214
218
215
219
213
220
214
221
215
222
223
217
220
224
218
221
225
219
222
226
223
227
221
228
222
229
223
230
231
225
228
232
226
229
233
227
230
234
231
235
229
236
230
237
231
238
239
233
236
311
234
237
310
235
238
309
239
308
237
315
238
314
239
313
312
241
244
242
245
243
246
247
245
248
312
246
249
313
247
250
314
251
315
249
252
304
250
253
305
251
254
306
255
307
253
256
254
257
255
258
259
257
260
296
258
261
297
259
262
298
263
299
261
264
262
265
263
266
267
265
268
288
266
269
289
267
270
290
271
291
269
272
280
270
273
281
271
274
282
275
283
273
427
274
426
275
425
424
277
280
284
431
278
281
285
430
279
282
286
429
283
287
428
281
288
435
282
289
434
283
290
433
291
432
285
288
292
286
289
293
287
290
294
291
295
289
296
290
297
291
298
299
293
296
300
294
297
301
295
298
302
299
303
297
304
298
305
299
306
307
301
304
308
302
305
309
303
306
310
307
311
305
312
306
313
307
314
315
309
312
310
313
311
314
315
313
314
315
317
320
395
318
321
394
319
322
393
323
392
321
324
388
322
325
389
323
326
390
327
391
325
328
380
326
329
381
327
330
382
331
383
329
332
330
333
331
334
335
333
336
372
334
337
373
335
338
374
339
375
337
340
338
341
339
342
343
341
344
364
342
345
365
343
346
366
347
367
345
348
356
346
349
357
347
350
358
351
359
349
350
351
353
356
360
354
357
361
355
358
362
359
363
357
364
358
365
359
366
367
361
364
368
362
365
369
363
366
370
367
371
365
372
366
373
367
374
375
369
372
376
370
373
377
371
374
378
375
379
373
380
374
381
375
382
383
377
380
384
378
381
385
379
382
386
383
387
381
388
382
389
383
390
391
385
388
463
386
389
462
387
390
461
391
460
389
467
390
466
391
465
464
393
396
394
397
395
398
399
397
400
464
398
401
465
399
402
466
403
467
401
404
456
402
405
457
403
406
458
407
459
405
408
406
409
407
410
411
409
412
448
410
413
449
411
414
450
415
451
413
416
414
417
415
418
419
417
420
440
418
421
441
419
422
442
423
443
421
424
432
422
425
433
423
426
434
427
435
425
426
427
429
432
436
430
433
437
431
434
438
435
439
433
440
434
441
435
442
443
437
440
444
438
441
445
439
442
446
443
447
441
448
442
449
443
450
451
445
448
452
446
449
453
447
450
454
451
455
449
456
450
457
451
458
459
453
456
460
454
457
461
455
458
462
459
463
457
464
458
465
459
466
467
461
464
462
465
463
466
467
465
466
467
)


// ************************************************************************* //
