/*--------------------------------*- C++ -*----------------------------------*\
  =========                 |
  \\      /  F ield         | OpenFOAM: The Open Source CFD Toolbox
   \\    /   O peration     | Website:  https://openfoam.org
    \\  /    A nd           | Version:  12
     \\/     M anipulation  |
\*---------------------------------------------------------------------------*/
FoamFile
{
    format      ascii;
    class       vectorField;
    location    "constant/polyMesh";
    object      points;
}
// * * * * * * * * * * * * * * * * * * * * * * * * * * * * * * * * * * * * * //


620
(
(-0.19 -0.19 -0.3)
(-0.19 -0.19 0.3)
(-0.19 0.19 0.3)
(-0.19 0.19 -0.3)
(0.19 -0.19 -0.3)
(0.19 -0.19 0.3)
(0.19 0.19 0.3)
(0.19 0.19 -0.3)
(0.335876 0.335876 -0.3)
(0.335876 0.335876 0.3)
(0.335876 -0.335876 -0.3)
(0.335876 -0.335876 0.3)
(-0.335876 0.335876 0.3)
(-0.335876 0.335876 -0.3)
(-0.335876 -0.335876 -0.3)
(-0.335876 -0.335876 0.3)
(-0.63 -0.63 -0.3)
(-0.63 -0.63 0.3)
(-0.63 0.63 0.3)
(-0.63 0.63 -0.3)
(0.63 -0.63 -0.3)
(0.63 -0.63 0.3)
(0.63 0.63 -0.3)
(0.63 0.63 0.3)
(-0.19 -0.19 -0.15)
(-0.19 -0.19 0)
(-0.19 -0.19 0.15)
(-0.19 -0.0633333 0.3)
(-0.19 0.0633333 0.3)
(-0.19 0.19 -0.15)
(-0.19 0.19 0)
(-0.19 0.19 0.15)
(-0.19 -0.0633333 -0.3)
(-0.19 0.0633333 -0.3)
(0.19 -0.19 -0.15)
(0.19 -0.19 0)
(0.19 -0.19 0.15)
(0.19 -0.0633333 0.3)
(0.19 0.0633333 0.3)
(0.19 0.19 -0.15)
(0.19 0.19 0)
(0.19 0.19 0.15)
(0.19 -0.0633333 -0.3)
(0.19 0.0633333 -0.3)
(-0.0633333 -0.19 -0.3)
(0.0633333 -0.19 -0.3)
(-0.0633333 -0.19 0.3)
(0.0633333 -0.19 0.3)
(-0.0633333 0.19 -0.3)
(0.0633333 0.19 -0.3)
(-0.0633333 0.19 0.3)
(0.0633333 0.19 0.3)
(0.335876 0.335876 -0.15)
(0.335876 0.335876 0)
(0.335876 0.335876 0.15)
(0.423228 -0.215645 -0.3)
(0.469152 -0.0743064 -0.3)
(0.469152 0.0743064 -0.3)
(0.423228 0.215645 -0.3)
(0.335876 -0.335876 -0.15)
(0.335876 -0.335876 0)
(0.335876 -0.335876 0.15)
(0.423228 -0.215645 0.3)
(0.469152 -0.0743064 0.3)
(0.469152 0.0743064 0.3)
(0.423228 0.215645 0.3)
(0.262938 0.262938 0.3)
(0.262938 0.262938 -0.3)
(0.262938 -0.262938 -0.3)
(0.262938 -0.262938 0.3)
(0.215645 0.423228 0.3)
(0.0743064 0.469152 0.3)
(-0.0743064 0.469152 0.3)
(-0.215645 0.423228 0.3)
(-0.335876 0.335876 -0.15)
(-0.335876 0.335876 0)
(-0.335876 0.335876 0.15)
(0.215645 0.423228 -0.3)
(0.0743064 0.469152 -0.3)
(-0.0743064 0.469152 -0.3)
(-0.215645 0.423228 -0.3)
(-0.262938 0.262938 0.3)
(-0.262938 0.262938 -0.3)
(-0.215645 -0.423228 -0.3)
(-0.0743064 -0.469152 -0.3)
(0.0743064 -0.469152 -0.3)
(0.215645 -0.423228 -0.3)
(-0.335876 -0.335876 -0.15)
(-0.335876 -0.335876 0)
(-0.335876 -0.335876 0.15)
(-0.215645 -0.423228 0.3)
(-0.0743064 -0.469152 0.3)
(0.0743064 -0.469152 0.3)
(0.215645 -0.423228 0.3)
(-0.262938 -0.262938 -0.3)
(-0.262938 -0.262938 0.3)
(-0.423228 0.215645 0.3)
(-0.469152 0.0743064 0.3)
(-0.469152 -0.0743064 0.3)
(-0.423228 -0.215645 0.3)
(-0.423228 0.215645 -0.3)
(-0.469152 0.0743064 -0.3)
(-0.469152 -0.0743064 -0.3)
(-0.423228 -0.215645 -0.3)
(-0.63 -0.63 -0.15)
(-0.63 -0.63 0)
(-0.63 -0.63 0.15)
(-0.63 -0.49 0.3)
(-0.63 -0.35 0.3)
(-0.63 -0.21 0.3)
(-0.63 -0.07 0.3)
(-0.63 0.07 0.3)
(-0.63 0.21 0.3)
(-0.63 0.35 0.3)
(-0.63 0.49 0.3)
(-0.63 0.63 -0.15)
(-0.63 0.63 0)
(-0.63 0.63 0.15)
(-0.63 -0.49 -0.3)
(-0.63 -0.35 -0.3)
(-0.63 -0.21 -0.3)
(-0.63 -0.07 -0.3)
(-0.63 0.07 -0.3)
(-0.63 0.21 -0.3)
(-0.63 0.35 -0.3)
(-0.63 0.49 -0.3)
(-0.433917 -0.433917 0.3)
(-0.531959 -0.531959 0.3)
(-0.433917 -0.433917 -0.3)
(-0.531959 -0.531959 -0.3)
(-0.433917 0.433917 0.3)
(-0.531959 0.531959 0.3)
(-0.433917 0.433917 -0.3)
(-0.531959 0.531959 -0.3)
(-0.49 -0.63 -0.3)
(-0.35 -0.63 -0.3)
(-0.21 -0.63 -0.3)
(-0.07 -0.63 -0.3)
(0.07 -0.63 -0.3)
(0.21 -0.63 -0.3)
(0.35 -0.63 -0.3)
(0.49 -0.63 -0.3)
(0.63 -0.63 -0.15)
(0.63 -0.63 0)
(0.63 -0.63 0.15)
(-0.49 -0.63 0.3)
(-0.35 -0.63 0.3)
(-0.21 -0.63 0.3)
(-0.07 -0.63 0.3)
(0.07 -0.63 0.3)
(0.21 -0.63 0.3)
(0.35 -0.63 0.3)
(0.49 -0.63 0.3)
(0.433917 -0.433917 -0.3)
(0.531959 -0.531959 -0.3)
(0.433917 -0.433917 0.3)
(0.531959 -0.531959 0.3)
(-0.49 0.63 -0.3)
(-0.35 0.63 -0.3)
(-0.21 0.63 -0.3)
(-0.07 0.63 -0.3)
(0.07 0.63 -0.3)
(0.21 0.63 -0.3)
(0.35 0.63 -0.3)
(0.49 0.63 -0.3)
(0.63 0.63 -0.15)
(0.63 0.63 0)
(0.63 0.63 0.15)
(-0.49 0.63 0.3)
(-0.35 0.63 0.3)
(-0.21 0.63 0.3)
(-0.07 0.63 0.3)
(0.07 0.63 0.3)
(0.21 0.63 0.3)
(0.35 0.63 0.3)
(0.49 0.63 0.3)
(0.433917 0.433917 -0.3)
(0.531959 0.531959 -0.3)
(0.433917 0.433917 0.3)
(0.531959 0.531959 0.3)
(0.63 -0.49 0.3)
(0.63 -0.35 0.3)
(0.63 -0.21 0.3)
(0.63 -0.07 0.3)
(0.63 0.07 0.3)
(0.63 0.21 0.3)
(0.63 0.35 0.3)
(0.63 0.49 0.3)
(0.63 -0.49 -0.3)
(0.63 -0.35 -0.3)
(0.63 -0.21 -0.3)
(0.63 -0.07 -0.3)
(0.63 0.07 -0.3)
(0.63 0.21 -0.3)
(0.63 0.35 -0.3)
(0.63 0.49 -0.3)
(-0.19 -0.0633333 -0.15)
(-0.19 0.0633333 -0.15)
(-0.19 -0.0633333 0)
(-0.19 0.0633333 0)
(-0.19 -0.0633333 0.15)
(-0.19 0.0633333 0.15)
(0.19 -0.0633333 0.15)
(0.19 0.0633333 0.15)
(0.19 -0.0633333 0)
(0.19 0.0633333 0)
(0.19 -0.0633333 -0.15)
(0.19 0.0633333 -0.15)
(-0.0633333 -0.19 -0.15)
(-0.0633333 -0.19 0)
(-0.0633333 -0.19 0.15)
(0.0633333 -0.19 -0.15)
(0.0633333 -0.19 0)
(0.0633333 -0.19 0.15)
(0.0633333 0.19 -0.15)
(0.0633333 0.19 0)
(0.0633333 0.19 0.15)
(-0.0633333 0.19 -0.15)
(-0.0633333 0.19 0)
(-0.0633333 0.19 0.15)
(-0.0633333 -0.0633333 -0.3)
(0.0633333 -0.0633333 -0.3)
(-0.0633333 0.0633333 -0.3)
(0.0633333 0.0633333 -0.3)
(-0.0633333 0.0633333 0.3)
(0.0633333 0.0633333 0.3)
(-0.0633333 -0.0633333 0.3)
(0.0633333 -0.0633333 0.3)
(0.423228 0.215645 -0.15)
(0.469152 0.0743064 -0.15)
(0.469152 -0.0743064 -0.15)
(0.423228 -0.215645 -0.15)
(0.423228 0.215645 1.11022e-16)
(0.469152 0.0743064 0)
(0.469152 -0.0743064 0)
(0.423228 -0.215645 0)
(0.423228 0.215645 0.15)
(0.469152 0.0743064 0.15)
(0.469152 -0.0743064 0.15)
(0.423228 -0.215645 0.15)
(0.262938 0.262938 0.15)
(0.262938 0.262938 0)
(0.262938 0.262938 -0.15)
(0.324407 -0.0931362 -0.3)
(0.324407 0.0931362 -0.3)
(0.262938 -0.262938 0.15)
(0.262938 -0.262938 0)
(0.262938 -0.262938 -0.15)
(0.324407 0.0931362 0.3)
(0.324407 -0.0931362 0.3)
(-0.215645 0.423228 0.15)
(-0.215645 0.423228 0)
(-0.215645 0.423228 -0.15)
(-0.0743064 0.469152 0.15)
(-0.0743064 0.469152 0)
(-0.0743064 0.469152 -0.15)
(0.0743064 0.469152 0.15)
(0.0743064 0.469152 0)
(0.0743064 0.469152 -0.15)
(0.215645 0.423228 0.15)
(0.215645 0.423228 0)
(0.215645 0.423228 -0.15)
(-0.0931362 0.324407 0.3)
(0.0931362 0.324407 0.3)
(-0.262938 0.262938 0.15)
(-0.262938 0.262938 0)
(-0.262938 0.262938 -0.15)
(0.0931362 0.324407 -0.3)
(-0.0931362 0.324407 -0.3)
(0.215645 -0.423228 -0.15)
(0.0743064 -0.469152 -0.15)
(-0.0743064 -0.469152 -0.15)
(-0.215645 -0.423228 -0.15)
(0.215645 -0.423228 1.11022e-16)
(0.0743064 -0.469152 0)
(-0.0743064 -0.469152 0)
(-0.215645 -0.423228 0)
(0.215645 -0.423228 0.15)
(0.0743064 -0.469152 0.15)
(-0.0743064 -0.469152 0.15)
(-0.215645 -0.423228 0.15)
(-0.0931362 -0.324407 -0.3)
(0.0931362 -0.324407 -0.3)
(-0.262938 -0.262938 0.15)
(-0.262938 -0.262938 0)
(-0.262938 -0.262938 -0.15)
(0.0931362 -0.324407 0.3)
(-0.0931362 -0.324407 0.3)
(-0.423228 -0.215645 0.15)
(-0.423228 -0.215645 0)
(-0.423228 -0.215645 -0.15)
(-0.469152 -0.0743064 0.15)
(-0.469152 -0.0743064 0)
(-0.469152 -0.0743064 -0.15)
(-0.469152 0.0743064 0.15)
(-0.469152 0.0743064 0)
(-0.469152 0.0743064 -0.15)
(-0.423228 0.215645 0.15)
(-0.423228 0.215645 0)
(-0.423228 0.215645 -0.15)
(-0.324407 -0.0931362 0.3)
(-0.324407 0.0931362 0.3)
(-0.324407 0.0931362 -0.3)
(-0.324407 -0.0931362 -0.3)
(-0.63 -0.49 -0.15)
(-0.63 -0.35 -0.15)
(-0.63 -0.21 -0.15)
(-0.63 -0.07 -0.15)
(-0.63 0.07 -0.15)
(-0.63 0.21 -0.15)
(-0.63 0.35 -0.15)
(-0.63 0.49 -0.15)
(-0.63 -0.49 0)
(-0.63 -0.35 0)
(-0.63 -0.21 0)
(-0.63 -0.07 0)
(-0.63 0.07 0)
(-0.63 0.21 0)
(-0.63 0.35 0)
(-0.63 0.49 0)
(-0.63 -0.49 0.15)
(-0.63 -0.35 0.15)
(-0.63 -0.21 0.15)
(-0.63 -0.07 0.15)
(-0.63 0.07 0.15)
(-0.63 0.21 0.15)
(-0.63 0.35 0.15)
(-0.63 0.49 0.15)
(-0.433917 -0.433917 0.15)
(-0.433917 -0.433917 0)
(-0.433917 -0.433917 -0.15)
(-0.531959 -0.531959 0.15)
(-0.531959 -0.531959 0)
(-0.531959 -0.531959 -0.15)
(-0.561076 -0.323882 0.3)
(-0.576384 -0.108769 0.3)
(-0.576384 0.108769 0.3)
(-0.561076 0.323882 0.3)
(-0.492152 -0.269764 0.3)
(-0.522768 -0.0915376 0.3)
(-0.522768 0.0915376 0.3)
(-0.492152 0.269764 0.3)
(-0.531959 0.531959 0.15)
(-0.531959 0.531959 -5.55112e-17)
(-0.531959 0.531959 -0.15)
(-0.433917 0.433917 0.15)
(-0.433917 0.433917 0)
(-0.433917 0.433917 -0.15)
(-0.561076 0.323882 -0.3)
(-0.576384 0.108769 -0.3)
(-0.576384 -0.108769 -0.3)
(-0.561076 -0.323882 -0.3)
(-0.492152 0.269764 -0.3)
(-0.522768 0.0915376 -0.3)
(-0.522768 -0.0915376 -0.3)
(-0.492152 -0.269764 -0.3)
(-0.49 -0.63 -0.15)
(-0.49 -0.63 0)
(-0.49 -0.63 0.15)
(-0.35 -0.63 -0.15)
(-0.35 -0.63 0)
(-0.35 -0.63 0.15)
(-0.21 -0.63 -0.15)
(-0.21 -0.63 0)
(-0.21 -0.63 0.15)
(-0.07 -0.63 -0.15)
(-0.07 -0.63 0)
(-0.07 -0.63 0.15)
(0.07 -0.63 -0.15)
(0.07 -0.63 0)
(0.07 -0.63 0.15)
(0.21 -0.63 -0.15)
(0.21 -0.63 0)
(0.21 -0.63 0.15)
(0.35 -0.63 -0.15)
(0.35 -0.63 0)
(0.35 -0.63 0.15)
(0.49 -0.63 -0.15)
(0.49 -0.63 0)
(0.49 -0.63 0.15)
(-0.323882 -0.561076 -0.3)
(-0.108769 -0.576384 -0.3)
(0.108769 -0.576384 -0.3)
(0.323882 -0.561076 -0.3)
(-0.269764 -0.492152 -0.3)
(-0.0915376 -0.522768 -0.3)
(0.0915376 -0.522768 -0.3)
(0.269764 -0.492152 -0.3)
(0.433917 -0.433917 0.15)
(0.433917 -0.433917 0)
(0.433917 -0.433917 -0.15)
(0.531959 -0.531959 0.15)
(0.531959 -0.531959 0)
(0.531959 -0.531959 -0.15)
(0.323882 -0.561076 0.3)
(0.108769 -0.576384 0.3)
(-0.108769 -0.576384 0.3)
(-0.323882 -0.561076 0.3)
(0.269764 -0.492152 0.3)
(0.0915376 -0.522768 0.3)
(-0.0915376 -0.522768 0.3)
(-0.269764 -0.492152 0.3)
(0.49 0.63 -0.15)
(0.49 0.63 0)
(0.49 0.63 0.15)
(0.35 0.63 -0.15)
(0.35 0.63 0)
(0.35 0.63 0.15)
(0.21 0.63 -0.15)
(0.21 0.63 0)
(0.21 0.63 0.15)
(0.07 0.63 -0.15)
(0.07 0.63 0)
(0.07 0.63 0.15)
(-0.07 0.63 -0.15)
(-0.07 0.63 0)
(-0.07 0.63 0.15)
(-0.21 0.63 -0.15)
(-0.21 0.63 0)
(-0.21 0.63 0.15)
(-0.35 0.63 -0.15)
(-0.35 0.63 0)
(-0.35 0.63 0.15)
(-0.49 0.63 -0.15)
(-0.49 0.63 0)
(-0.49 0.63 0.15)
(0.323882 0.561076 -0.3)
(0.108769 0.576384 -0.3)
(-0.108769 0.576384 -0.3)
(-0.323882 0.561076 -0.3)
(0.269764 0.492152 -0.3)
(0.0915376 0.522768 -0.3)
(-0.0915376 0.522768 -0.3)
(-0.269764 0.492152 -0.3)
(0.531959 0.531959 0.15)
(0.531959 0.531959 -5.55112e-17)
(0.531959 0.531959 -0.15)
(0.433917 0.433917 0.15)
(0.433917 0.433917 0)
(0.433917 0.433917 -0.15)
(-0.323882 0.561076 0.3)
(-0.108769 0.576384 0.3)
(0.108769 0.576384 0.3)
(0.323882 0.561076 0.3)
(-0.269764 0.492152 0.3)
(-0.0915376 0.522768 0.3)
(0.0915376 0.522768 0.3)
(0.269764 0.492152 0.3)
(0.63 -0.49 0.15)
(0.63 -0.35 0.15)
(0.63 -0.21 0.15)
(0.63 -0.07 0.15)
(0.63 0.07 0.15)
(0.63 0.21 0.15)
(0.63 0.35 0.15)
(0.63 0.49 0.15)
(0.63 -0.49 0)
(0.63 -0.35 0)
(0.63 -0.21 0)
(0.63 -0.07 0)
(0.63 0.07 0)
(0.63 0.21 0)
(0.63 0.35 0)
(0.63 0.49 0)
(0.63 -0.49 -0.15)
(0.63 -0.35 -0.15)
(0.63 -0.21 -0.15)
(0.63 -0.07 -0.15)
(0.63 0.07 -0.15)
(0.63 0.21 -0.15)
(0.63 0.35 -0.15)
(0.63 0.49 -0.15)
(0.561076 0.323882 0.3)
(0.576384 0.108769 0.3)
(0.576384 -0.108769 0.3)
(0.561076 -0.323882 0.3)
(0.492152 0.269764 0.3)
(0.522768 0.0915376 0.3)
(0.522768 -0.0915376 0.3)
(0.492152 -0.269764 0.3)
(0.561076 -0.323882 -0.3)
(0.576384 -0.108769 -0.3)
(0.576384 0.108769 -0.3)
(0.561076 0.323882 -0.3)
(0.492152 -0.269764 -0.3)
(0.522768 -0.0915376 -0.3)
(0.522768 0.0915376 -0.3)
(0.492152 0.269764 -0.3)
(-0.0633333 -0.0633333 0.15)
(0.0633333 -0.0633333 0.15)
(-0.0633333 0.0633333 0.15)
(0.0633333 0.0633333 0.15)
(-0.0633333 -0.0633333 0)
(0.0633333 -0.0633333 0)
(-0.0633333 0.0633333 0)
(0.0633333 0.0633333 0)
(-0.0633333 -0.0633333 -0.15)
(0.0633333 -0.0633333 -0.15)
(-0.0633333 0.0633333 -0.15)
(0.0633333 0.0633333 -0.15)
(0.324407 0.0931362 0.15)
(0.324407 0.0931362 0)
(0.324407 0.0931362 -0.15)
(0.324407 -0.0931362 0.15)
(0.324407 -0.0931362 0)
(0.324407 -0.0931362 -0.15)
(0.0931362 0.324407 -0.15)
(0.0931362 0.324407 0)
(0.0931362 0.324407 0.15)
(-0.0931362 0.324407 -0.15)
(-0.0931362 0.324407 0)
(-0.0931362 0.324407 0.15)
(0.0931362 -0.324407 0.15)
(0.0931362 -0.324407 0)
(0.0931362 -0.324407 -0.15)
(-0.0931362 -0.324407 0.15)
(-0.0931362 -0.324407 0)
(-0.0931362 -0.324407 -0.15)
(-0.324407 0.0931362 -0.15)
(-0.324407 0.0931362 0)
(-0.324407 0.0931362 0.15)
(-0.324407 -0.0931362 -0.15)
(-0.324407 -0.0931362 0)
(-0.324407 -0.0931362 0.15)
(-0.561076 0.323882 -0.15)
(-0.561076 0.323882 0)
(-0.561076 0.323882 0.15)
(-0.576384 0.108769 -0.15)
(-0.576384 0.108769 0)
(-0.576384 0.108769 0.15)
(-0.576384 -0.108769 -0.15)
(-0.576384 -0.108769 0)
(-0.576384 -0.108769 0.15)
(-0.561076 -0.323882 -0.15)
(-0.561076 -0.323882 0)
(-0.561076 -0.323882 0.15)
(-0.492152 0.269764 -0.15)
(-0.492152 0.269764 0)
(-0.492152 0.269764 0.15)
(-0.522768 0.0915376 -0.15)
(-0.522768 0.0915376 0)
(-0.522768 0.0915376 0.15)
(-0.522768 -0.0915376 -0.15)
(-0.522768 -0.0915376 0)
(-0.522768 -0.0915376 0.15)
(-0.492152 -0.269764 -0.15)
(-0.492152 -0.269764 0)
(-0.492152 -0.269764 0.15)
(0.323882 -0.561076 0.15)
(0.323882 -0.561076 0)
(0.323882 -0.561076 -0.15)
(0.108769 -0.576384 0.15)
(0.108769 -0.576384 0)
(0.108769 -0.576384 -0.15)
(-0.108769 -0.576384 0.15)
(-0.108769 -0.576384 0)
(-0.108769 -0.576384 -0.15)
(-0.323882 -0.561076 0.15)
(-0.323882 -0.561076 0)
(-0.323882 -0.561076 -0.15)
(0.269764 -0.492152 0.15)
(0.269764 -0.492152 0)
(0.269764 -0.492152 -0.15)
(0.0915376 -0.522768 0.15)
(0.0915376 -0.522768 0)
(0.0915376 -0.522768 -0.15)
(-0.0915376 -0.522768 0.15)
(-0.0915376 -0.522768 0)
(-0.0915376 -0.522768 -0.15)
(-0.269764 -0.492152 0.15)
(-0.269764 -0.492152 0)
(-0.269764 -0.492152 -0.15)
(-0.323882 0.561076 0.15)
(-0.323882 0.561076 0)
(-0.323882 0.561076 -0.15)
(-0.108769 0.576384 0.15)
(-0.108769 0.576384 0)
(-0.108769 0.576384 -0.15)
(0.108769 0.576384 0.15)
(0.108769 0.576384 0)
(0.108769 0.576384 -0.15)
(0.323882 0.561076 0.15)
(0.323882 0.561076 0)
(0.323882 0.561076 -0.15)
(-0.269764 0.492152 0.15)
(-0.269764 0.492152 0)
(-0.269764 0.492152 -0.15)
(-0.0915376 0.522768 0.15)
(-0.0915376 0.522768 0)
(-0.0915376 0.522768 -0.15)
(0.0915376 0.522768 0.15)
(0.0915376 0.522768 0)
(0.0915376 0.522768 -0.15)
(0.269764 0.492152 0.15)
(0.269764 0.492152 0)
(0.269764 0.492152 -0.15)
(0.561076 -0.323882 -0.15)
(0.561076 -0.323882 0)
(0.561076 -0.323882 0.15)
(0.576384 -0.108769 -0.15)
(0.576384 -0.108769 0)
(0.576384 -0.108769 0.15)
(0.576384 0.108769 -0.15)
(0.576384 0.108769 0)
(0.576384 0.108769 0.15)
(0.561076 0.323882 -0.15)
(0.561076 0.323882 0)
(0.561076 0.323882 0.15)
(0.492152 -0.269764 -0.15)
(0.492152 -0.269764 0)
(0.492152 -0.269764 0.15)
(0.522768 -0.0915376 -0.15)
(0.522768 -0.0915376 0)
(0.522768 -0.0915376 0.15)
(0.522768 0.0915376 -0.15)
(0.522768 0.0915376 0)
(0.522768 0.0915376 0.15)
(0.492152 0.269764 -0.15)
(0.492152 0.269764 0)
(0.492152 0.269764 0.15)
)


// ************************************************************************* //
