/*--------------------------------*- C++ -*----------------------------------*\
  =========                 |
  \\      /  F ield         | OpenFOAM: The Open Source CFD Toolbox
   \\    /   O peration     | Website:  https://openfoam.org
    \\  /    A nd           | Version:  12
     \\/     M anipulation  |
\*---------------------------------------------------------------------------*/
FoamFile
{
    format      ascii;
    class       labelList;
    note        "nPoints: 2359 nCells: 1944 nFaces: 6228 nInternalFaces: 5436";
    location    "constant/polyMesh";
    object      neighbour;
}
// * * * * * * * * * * * * * * * * * * * * * * * * * * * * * * * * * * * * * //


5436
(
1
6
36
683
1049
2
7
37
677
3
8
38
671
4
9
39
665
5
10
40
659
11
41
251
653
7
12
42
1013
8
13
43
9
14
44
10
15
45
11
16
46
17
47
245
13
18
48
977
14
19
49
15
20
50
16
21
51
17
22
52
23
53
239
19
24
54
941
20
25
55
21
26
56
22
27
57
23
28
58
29
59
233
25
30
60
905
26
31
61
27
32
62
28
33
63
29
34
64
35
65
227
31
66
617
869
32
67
581
33
68
545
34
69
509
35
70
473
71
221
437
37
42
72
719
1055
38
43
73
713
39
44
74
707
40
45
75
701
41
46
76
695
47
77
287
689
43
48
78
1019
44
49
79
45
50
80
46
51
81
47
52
82
53
83
281
49
54
84
983
50
55
85
51
56
86
52
57
87
53
58
88
59
89
275
55
60
90
947
56
61
91
57
62
92
58
63
93
59
64
94
65
95
269
61
66
96
911
62
67
97
63
68
98
64
69
99
65
70
100
71
101
263
67
102
623
875
68
103
587
69
104
551
70
105
515
71
106
479
107
257
443
73
78
108
755
1061
74
79
109
749
75
80
110
743
76
81
111
737
77
82
112
731
83
113
323
725
79
84
114
1025
80
85
115
81
86
116
82
87
117
83
88
118
89
119
317
85
90
120
989
86
91
121
87
92
122
88
93
123
89
94
124
95
125
311
91
96
126
953
92
97
127
93
98
128
94
99
129
95
100
130
101
131
305
97
102
132
917
98
103
133
99
104
134
100
105
135
101
106
136
107
137
299
103
138
629
881
104
139
593
105
140
557
106
141
521
107
142
485
143
293
449
109
114
144
791
1067
110
115
145
785
111
116
146
779
112
117
147
773
113
118
148
767
119
149
359
761
115
120
150
1031
116
121
151
117
122
152
118
123
153
119
124
154
125
155
353
121
126
156
995
122
127
157
123
128
158
124
129
159
125
130
160
131
161
347
127
132
162
959
128
133
163
129
134
164
130
135
165
131
136
166
137
167
341
133
138
168
923
134
139
169
135
140
170
136
141
171
137
142
172
143
173
335
139
174
635
887
140
175
599
141
176
563
142
177
527
143
178
491
179
329
455
145
150
180
827
1073
146
151
181
821
147
152
182
815
148
153
183
809
149
154
184
803
155
185
395
797
151
156
186
1037
152
157
187
153
158
188
154
159
189
155
160
190
161
191
389
157
162
192
1001
158
163
193
159
164
194
160
165
195
161
166
196
167
197
383
163
168
198
965
164
169
199
165
170
200
166
171
201
167
172
202
173
203
377
169
174
204
929
170
175
205
171
176
206
172
177
207
173
178
208
179
209
371
175
210
641
893
176
211
605
177
212
569
178
213
533
179
214
497
215
365
461
181
186
863
1079
182
187
857
183
188
851
184
189
845
185
190
839
191
431
833
187
192
1043
188
193
189
194
190
195
191
196
197
425
193
198
1007
194
199
195
200
196
201
197
202
203
419
199
204
971
200
205
201
206
202
207
203
208
209
413
205
210
935
206
211
207
212
208
213
209
214
215
407
211
647
899
212
611
213
575
214
539
215
503
401
467
217
222
252
432
1943
218
223
253
433
219
224
254
434
220
225
255
435
221
226
256
436
227
257
437
223
228
258
1937
224
229
259
225
230
260
226
231
261
227
232
262
233
263
229
234
264
1931
230
235
265
231
236
266
232
237
267
233
238
268
239
269
235
240
270
1925
236
241
271
237
242
272
238
243
273
239
244
274
245
275
241
246
276
1919
242
247
277
243
248
278
244
249
279
245
250
280
251
281
247
282
648
1913
248
283
649
249
284
650
250
285
651
251
286
652
287
653
253
258
288
438
1907
254
259
289
439
255
260
290
440
256
261
291
441
257
262
292
442
263
293
443
259
264
294
1901
260
265
295
261
266
296
262
267
297
263
268
298
269
299
265
270
300
1895
266
271
301
267
272
302
268
273
303
269
274
304
275
305
271
276
306
1889
272
277
307
273
278
308
274
279
309
275
280
310
281
311
277
282
312
1883
278
283
313
279
284
314
280
285
315
281
286
316
287
317
283
318
684
1877
284
319
685
285
320
686
286
321
687
287
322
688
323
689
289
294
324
444
1871
290
295
325
445
291
296
326
446
292
297
327
447
293
298
328
448
299
329
449
295
300
330
1865
296
301
331
297
302
332
298
303
333
299
304
334
305
335
301
306
336
1859
302
307
337
303
308
338
304
309
339
305
310
340
311
341
307
312
342
1853
308
313
343
309
314
344
310
315
345
311
316
346
317
347
313
318
348
1847
314
319
349
315
320
350
316
321
351
317
322
352
323
353
319
354
720
1841
320
355
721
321
356
722
322
357
723
323
358
724
359
725
325
330
360
450
1835
326
331
361
451
327
332
362
452
328
333
363
453
329
334
364
454
335
365
455
331
336
366
1829
332
337
367
333
338
368
334
339
369
335
340
370
341
371
337
342
372
1823
338
343
373
339
344
374
340
345
375
341
346
376
347
377
343
348
378
1817
344
349
379
345
350
380
346
351
381
347
352
382
353
383
349
354
384
1811
350
355
385
351
356
386
352
357
387
353
358
388
359
389
355
390
756
1805
356
391
757
357
392
758
358
393
759
359
394
760
395
761
361
366
396
456
1799
362
367
397
457
363
368
398
458
364
369
399
459
365
370
400
460
371
401
461
367
372
402
1793
368
373
403
369
374
404
370
375
405
371
376
406
377
407
373
378
408
1787
374
379
409
375
380
410
376
381
411
377
382
412
383
413
379
384
414
1781
380
385
415
381
386
416
382
387
417
383
388
418
389
419
385
390
420
1775
386
391
421
387
392
422
388
393
423
389
394
424
395
425
391
426
792
1769
392
427
793
393
428
794
394
429
795
395
430
796
431
797
397
402
462
1763
398
403
463
399
404
464
400
405
465
401
406
466
407
467
403
408
1757
404
409
405
410
406
411
407
412
413
409
414
1751
410
415
411
416
412
417
413
418
419
415
420
1745
416
421
417
422
418
423
419
424
425
421
426
1739
422
427
423
428
424
429
425
430
431
427
828
1733
428
829
429
830
430
831
431
832
833
433
438
468
1727
434
439
469
435
440
470
436
441
471
437
442
472
443
473
439
444
474
1721
440
445
475
441
446
476
442
447
477
443
448
478
449
479
445
450
480
1715
446
451
481
447
452
482
448
453
483
449
454
484
455
485
451
456
486
1709
452
457
487
453
458
488
454
459
489
455
460
490
461
491
457
462
492
1703
458
463
493
459
464
494
460
465
495
461
466
496
467
497
463
498
1697
464
499
465
500
466
501
467
502
503
469
474
504
1691
470
475
505
471
476
506
472
477
507
473
478
508
479
509
475
480
510
1685
476
481
511
477
482
512
478
483
513
479
484
514
485
515
481
486
516
1679
482
487
517
483
488
518
484
489
519
485
490
520
491
521
487
492
522
1673
488
493
523
489
494
524
490
495
525
491
496
526
497
527
493
498
528
1667
494
499
529
495
500
530
496
501
531
497
502
532
503
533
499
534
1661
500
535
501
536
502
537
503
538
539
505
510
540
1655
506
511
541
507
512
542
508
513
543
509
514
544
515
545
511
516
546
1649
512
517
547
513
518
548
514
519
549
515
520
550
521
551
517
522
552
1643
518
523
553
519
524
554
520
525
555
521
526
556
527
557
523
528
558
1637
524
529
559
525
530
560
526
531
561
527
532
562
533
563
529
534
564
1631
530
535
565
531
536
566
532
537
567
533
538
568
539
569
535
570
1625
536
571
537
572
538
573
539
574
575
541
546
576
1619
542
547
577
543
548
578
544
549
579
545
550
580
551
581
547
552
582
1613
548
553
583
549
554
584
550
555
585
551
556
586
557
587
553
558
588
1607
554
559
589
555
560
590
556
561
591
557
562
592
563
593
559
564
594
1601
560
565
595
561
566
596
562
567
597
563
568
598
569
599
565
570
600
1595
566
571
601
567
572
602
568
573
603
569
574
604
575
605
571
606
1589
572
607
573
608
574
609
575
610
611
577
582
612
1583
578
583
613
579
584
614
580
585
615
581
586
616
587
617
583
588
618
1577
584
589
619
585
590
620
586
591
621
587
592
622
593
623
589
594
624
1571
590
595
625
591
596
626
592
597
627
593
598
628
599
629
595
600
630
1565
596
601
631
597
602
632
598
603
633
599
604
634
605
635
601
606
636
1559
602
607
637
603
608
638
604
609
639
605
610
640
611
641
607
642
1553
608
643
609
644
610
645
611
646
647
613
618
864
1547
614
619
865
615
620
866
616
621
867
617
622
868
623
869
619
624
870
1541
620
625
871
621
626
872
622
627
873
623
628
874
629
875
625
630
876
1535
626
631
877
627
632
878
628
633
879
629
634
880
635
881
631
636
882
1529
632
637
883
633
638
884
634
639
885
635
640
886
641
887
637
642
888
1523
638
643
889
639
644
890
640
645
891
641
646
892
647
893
643
894
1517
644
895
645
896
646
897
647
898
899
649
654
684
1331
650
655
685
651
656
686
652
657
687
653
658
688
659
689
655
660
690
1367
656
661
691
657
662
692
658
663
693
659
664
694
665
695
661
666
696
1403
662
667
697
663
668
698
664
669
699
665
670
700
671
701
667
672
702
1439
668
673
703
669
674
704
670
675
705
671
676
706
677
707
673
678
708
1475
674
679
709
675
680
710
676
681
711
677
682
712
683
713
679
714
1044
1511
680
715
1045
681
716
1046
682
717
1047
683
718
1048
719
1049
685
690
720
1325
686
691
721
687
692
722
688
693
723
689
694
724
695
725
691
696
726
1361
692
697
727
693
698
728
694
699
729
695
700
730
701
731
697
702
732
1397
698
703
733
699
704
734
700
705
735
701
706
736
707
737
703
708
738
1433
704
709
739
705
710
740
706
711
741
707
712
742
713
743
709
714
744
1469
710
715
745
711
716
746
712
717
747
713
718
748
719
749
715
750
1050
1505
716
751
1051
717
752
1052
718
753
1053
719
754
1054
755
1055
721
726
756
1319
722
727
757
723
728
758
724
729
759
725
730
760
731
761
727
732
762
1355
728
733
763
729
734
764
730
735
765
731
736
766
737
767
733
738
768
1391
734
739
769
735
740
770
736
741
771
737
742
772
743
773
739
744
774
1427
740
745
775
741
746
776
742
747
777
743
748
778
749
779
745
750
780
1463
746
751
781
747
752
782
748
753
783
749
754
784
755
785
751
786
1056
1499
752
787
1057
753
788
1058
754
789
1059
755
790
1060
791
1061
757
762
792
1313
758
763
793
759
764
794
760
765
795
761
766
796
767
797
763
768
798
1349
764
769
799
765
770
800
766
771
801
767
772
802
773
803
769
774
804
1385
770
775
805
771
776
806
772
777
807
773
778
808
779
809
775
780
810
1421
776
781
811
777
782
812
778
783
813
779
784
814
785
815
781
786
816
1457
782
787
817
783
788
818
784
789
819
785
790
820
791
821
787
822
1062
1493
788
823
1063
789
824
1064
790
825
1065
791
826
1066
827
1067
793
798
828
1307
794
799
829
795
800
830
796
801
831
797
802
832
803
833
799
804
834
1343
800
805
835
801
806
836
802
807
837
803
808
838
809
839
805
810
840
1379
806
811
841
807
812
842
808
813
843
809
814
844
815
845
811
816
846
1415
812
817
847
813
818
848
814
819
849
815
820
850
821
851
817
822
852
1451
818
823
853
819
824
854
820
825
855
821
826
856
827
857
823
858
1068
1487
824
859
1069
825
860
1070
826
861
1071
827
862
1072
863
1073
829
834
1301
830
835
831
836
832
837
833
838
839
835
840
1337
836
841
837
842
838
843
839
844
845
841
846
1373
842
847
843
848
844
849
845
850
851
847
852
1409
848
853
849
854
850
855
851
856
857
853
858
1445
854
859
855
860
856
861
857
862
863
859
1074
1481
860
1075
861
1076
862
1077
863
1078
1079
865
870
900
1115
866
871
901
867
872
902
868
873
903
869
874
904
875
905
871
876
906
1151
872
877
907
873
878
908
874
879
909
875
880
910
881
911
877
882
912
1187
878
883
913
879
884
914
880
885
915
881
886
916
887
917
883
888
918
1223
884
889
919
885
890
920
886
891
921
887
892
922
893
923
889
894
924
1259
890
895
925
891
896
926
892
897
927
893
898
928
899
929
895
930
1295
896
931
897
932
898
933
899
934
935
901
906
936
1109
902
907
937
903
908
938
904
909
939
905
910
940
911
941
907
912
942
1145
908
913
943
909
914
944
910
915
945
911
916
946
917
947
913
918
948
1181
914
919
949
915
920
950
916
921
951
917
922
952
923
953
919
924
954
1217
920
925
955
921
926
956
922
927
957
923
928
958
929
959
925
930
960
1253
926
931
961
927
932
962
928
933
963
929
934
964
935
965
931
966
1289
932
967
933
968
934
969
935
970
971
937
942
972
1103
938
943
973
939
944
974
940
945
975
941
946
976
947
977
943
948
978
1139
944
949
979
945
950
980
946
951
981
947
952
982
953
983
949
954
984
1175
950
955
985
951
956
986
952
957
987
953
958
988
959
989
955
960
990
1211
956
961
991
957
962
992
958
963
993
959
964
994
965
995
961
966
996
1247
962
967
997
963
968
998
964
969
999
965
970
1000
971
1001
967
1002
1283
968
1003
969
1004
970
1005
971
1006
1007
973
978
1008
1097
974
979
1009
975
980
1010
976
981
1011
977
982
1012
983
1013
979
984
1014
1133
980
985
1015
981
986
1016
982
987
1017
983
988
1018
989
1019
985
990
1020
1169
986
991
1021
987
992
1022
988
993
1023
989
994
1024
995
1025
991
996
1026
1205
992
997
1027
993
998
1028
994
999
1029
995
1000
1030
1001
1031
997
1002
1032
1241
998
1003
1033
999
1004
1034
1000
1005
1035
1001
1006
1036
1007
1037
1003
1038
1277
1004
1039
1005
1040
1006
1041
1007
1042
1043
1009
1014
1044
1091
1010
1015
1045
1011
1016
1046
1012
1017
1047
1013
1018
1048
1019
1049
1015
1020
1050
1127
1016
1021
1051
1017
1022
1052
1018
1023
1053
1019
1024
1054
1025
1055
1021
1026
1056
1163
1022
1027
1057
1023
1028
1058
1024
1029
1059
1025
1030
1060
1031
1061
1027
1032
1062
1199
1028
1033
1063
1029
1034
1064
1030
1035
1065
1031
1036
1066
1037
1067
1033
1038
1068
1235
1034
1039
1069
1035
1040
1070
1036
1041
1071
1037
1042
1072
1043
1073
1039
1074
1271
1040
1075
1041
1076
1042
1077
1043
1078
1079
1045
1050
1085
1046
1051
1047
1052
1048
1053
1049
1054
1055
1051
1056
1121
1052
1057
1053
1058
1054
1059
1055
1060
1061
1057
1062
1157
1058
1063
1059
1064
1060
1065
1061
1066
1067
1063
1068
1193
1064
1069
1065
1070
1066
1071
1067
1072
1073
1069
1074
1229
1070
1075
1071
1076
1072
1077
1073
1078
1079
1075
1265
1076
1077
1078
1079
1081
1086
1116
1506
1082
1087
1117
1507
1083
1088
1118
1508
1084
1089
1119
1509
1085
1090
1120
1510
1091
1121
1511
1087
1092
1122
1088
1093
1123
1089
1094
1124
1090
1095
1125
1091
1096
1126
1097
1127
1093
1098
1128
1094
1099
1129
1095
1100
1130
1096
1101
1131
1097
1102
1132
1103
1133
1099
1104
1134
1100
1105
1135
1101
1106
1136
1102
1107
1137
1103
1108
1138
1109
1139
1105
1110
1140
1106
1111
1141
1107
1112
1142
1108
1113
1143
1109
1114
1144
1115
1145
1111
1146
1542
1112
1147
1543
1113
1148
1544
1114
1149
1545
1115
1150
1546
1151
1547
1117
1122
1152
1500
1118
1123
1153
1501
1119
1124
1154
1502
1120
1125
1155
1503
1121
1126
1156
1504
1127
1157
1505
1123
1128
1158
1124
1129
1159
1125
1130
1160
1126
1131
1161
1127
1132
1162
1133
1163
1129
1134
1164
1130
1135
1165
1131
1136
1166
1132
1137
1167
1133
1138
1168
1139
1169
1135
1140
1170
1136
1141
1171
1137
1142
1172
1138
1143
1173
1139
1144
1174
1145
1175
1141
1146
1176
1142
1147
1177
1143
1148
1178
1144
1149
1179
1145
1150
1180
1151
1181
1147
1182
1536
1148
1183
1537
1149
1184
1538
1150
1185
1539
1151
1186
1540
1187
1541
1153
1158
1188
1494
1154
1159
1189
1495
1155
1160
1190
1496
1156
1161
1191
1497
1157
1162
1192
1498
1163
1193
1499
1159
1164
1194
1160
1165
1195
1161
1166
1196
1162
1167
1197
1163
1168
1198
1169
1199
1165
1170
1200
1166
1171
1201
1167
1172
1202
1168
1173
1203
1169
1174
1204
1175
1205
1171
1176
1206
1172
1177
1207
1173
1178
1208
1174
1179
1209
1175
1180
1210
1181
1211
1177
1182
1212
1178
1183
1213
1179
1184
1214
1180
1185
1215
1181
1186
1216
1187
1217
1183
1218
1530
1184
1219
1531
1185
1220
1532
1186
1221
1533
1187
1222
1534
1223
1535
1189
1194
1224
1488
1190
1195
1225
1489
1191
1196
1226
1490
1192
1197
1227
1491
1193
1198
1228
1492
1199
1229
1493
1195
1200
1230
1196
1201
1231
1197
1202
1232
1198
1203
1233
1199
1204
1234
1205
1235
1201
1206
1236
1202
1207
1237
1203
1208
1238
1204
1209
1239
1205
1210
1240
1211
1241
1207
1212
1242
1208
1213
1243
1209
1214
1244
1210
1215
1245
1211
1216
1246
1217
1247
1213
1218
1248
1214
1219
1249
1215
1220
1250
1216
1221
1251
1217
1222
1252
1223
1253
1219
1254
1524
1220
1255
1525
1221
1256
1526
1222
1257
1527
1223
1258
1528
1259
1529
1225
1230
1260
1482
1226
1231
1261
1483
1227
1232
1262
1484
1228
1233
1263
1485
1229
1234
1264
1486
1235
1265
1487
1231
1236
1266
1232
1237
1267
1233
1238
1268
1234
1239
1269
1235
1240
1270
1241
1271
1237
1242
1272
1238
1243
1273
1239
1244
1274
1240
1245
1275
1241
1246
1276
1247
1277
1243
1248
1278
1244
1249
1279
1245
1250
1280
1246
1251
1281
1247
1252
1282
1253
1283
1249
1254
1284
1250
1255
1285
1251
1256
1286
1252
1257
1287
1253
1258
1288
1259
1289
1255
1290
1518
1256
1291
1519
1257
1292
1520
1258
1293
1521
1259
1294
1522
1295
1523
1261
1266
1476
1262
1267
1477
1263
1268
1478
1264
1269
1479
1265
1270
1480
1271
1481
1267
1272
1268
1273
1269
1274
1270
1275
1271
1276
1277
1273
1278
1274
1279
1275
1280
1276
1281
1277
1282
1283
1279
1284
1280
1285
1281
1286
1282
1287
1283
1288
1289
1285
1290
1286
1291
1287
1292
1288
1293
1289
1294
1295
1291
1512
1292
1513
1293
1514
1294
1515
1295
1516
1517
1297
1302
1332
1728
1298
1303
1333
1729
1299
1304
1334
1730
1300
1305
1335
1731
1301
1306
1336
1732
1307
1337
1733
1303
1308
1338
1764
1304
1309
1339
1765
1305
1310
1340
1766
1306
1311
1341
1767
1307
1312
1342
1768
1313
1343
1769
1309
1314
1344
1800
1310
1315
1345
1801
1311
1316
1346
1802
1312
1317
1347
1803
1313
1318
1348
1804
1319
1349
1805
1315
1320
1350
1836
1316
1321
1351
1837
1317
1322
1352
1838
1318
1323
1353
1839
1319
1324
1354
1840
1325
1355
1841
1321
1326
1356
1872
1322
1327
1357
1873
1323
1328
1358
1874
1324
1329
1359
1875
1325
1330
1360
1876
1331
1361
1877
1327
1362
1908
1328
1363
1909
1329
1364
1910
1330
1365
1911
1331
1366
1912
1367
1913
1333
1338
1368
1334
1339
1369
1335
1340
1370
1336
1341
1371
1337
1342
1372
1343
1373
1339
1344
1374
1340
1345
1375
1341
1346
1376
1342
1347
1377
1343
1348
1378
1349
1379
1345
1350
1380
1346
1351
1381
1347
1352
1382
1348
1353
1383
1349
1354
1384
1355
1385
1351
1356
1386
1352
1357
1387
1353
1358
1388
1354
1359
1389
1355
1360
1390
1361
1391
1357
1362
1392
1358
1363
1393
1359
1364
1394
1360
1365
1395
1361
1366
1396
1367
1397
1363
1398
1364
1399
1365
1400
1366
1401
1367
1402
1403
1369
1374
1404
1370
1375
1405
1371
1376
1406
1372
1377
1407
1373
1378
1408
1379
1409
1375
1380
1410
1376
1381
1411
1377
1382
1412
1378
1383
1413
1379
1384
1414
1385
1415
1381
1386
1416
1382
1387
1417
1383
1388
1418
1384
1389
1419
1385
1390
1420
1391
1421
1387
1392
1422
1388
1393
1423
1389
1394
1424
1390
1395
1425
1391
1396
1426
1397
1427
1393
1398
1428
1394
1399
1429
1395
1400
1430
1396
1401
1431
1397
1402
1432
1403
1433
1399
1434
1400
1435
1401
1436
1402
1437
1403
1438
1439
1405
1410
1440
1406
1411
1441
1407
1412
1442
1408
1413
1443
1409
1414
1444
1415
1445
1411
1416
1446
1412
1417
1447
1413
1418
1448
1414
1419
1449
1415
1420
1450
1421
1451
1417
1422
1452
1418
1423
1453
1419
1424
1454
1420
1425
1455
1421
1426
1456
1427
1457
1423
1428
1458
1424
1429
1459
1425
1430
1460
1426
1431
1461
1427
1432
1462
1433
1463
1429
1434
1464
1430
1435
1465
1431
1436
1466
1432
1437
1467
1433
1438
1468
1439
1469
1435
1470
1436
1471
1437
1472
1438
1473
1439
1474
1475
1441
1446
1476
1442
1447
1477
1443
1448
1478
1444
1449
1479
1445
1450
1480
1451
1481
1447
1452
1482
1448
1453
1483
1449
1454
1484
1450
1455
1485
1451
1456
1486
1457
1487
1453
1458
1488
1454
1459
1489
1455
1460
1490
1456
1461
1491
1457
1462
1492
1463
1493
1459
1464
1494
1460
1465
1495
1461
1466
1496
1462
1467
1497
1463
1468
1498
1469
1499
1465
1470
1500
1466
1471
1501
1467
1472
1502
1468
1473
1503
1469
1474
1504
1475
1505
1471
1506
1472
1507
1473
1508
1474
1509
1475
1510
1511
1477
1482
1478
1483
1479
1484
1480
1485
1481
1486
1487
1483
1488
1484
1489
1485
1490
1486
1491
1487
1492
1493
1489
1494
1490
1495
1491
1496
1492
1497
1493
1498
1499
1495
1500
1496
1501
1497
1502
1498
1503
1499
1504
1505
1501
1506
1502
1507
1503
1508
1504
1509
1505
1510
1511
1507
1508
1509
1510
1511
1513
1518
1548
1514
1519
1549
1515
1520
1550
1516
1521
1551
1517
1522
1552
1523
1553
1519
1524
1554
1520
1525
1555
1521
1526
1556
1522
1527
1557
1523
1528
1558
1529
1559
1525
1530
1560
1526
1531
1561
1527
1532
1562
1528
1533
1563
1529
1534
1564
1535
1565
1531
1536
1566
1532
1537
1567
1533
1538
1568
1534
1539
1569
1535
1540
1570
1541
1571
1537
1542
1572
1538
1543
1573
1539
1544
1574
1540
1545
1575
1541
1546
1576
1547
1577
1543
1578
1544
1579
1545
1580
1546
1581
1547
1582
1583
1549
1554
1584
1550
1555
1585
1551
1556
1586
1552
1557
1587
1553
1558
1588
1559
1589
1555
1560
1590
1556
1561
1591
1557
1562
1592
1558
1563
1593
1559
1564
1594
1565
1595
1561
1566
1596
1562
1567
1597
1563
1568
1598
1564
1569
1599
1565
1570
1600
1571
1601
1567
1572
1602
1568
1573
1603
1569
1574
1604
1570
1575
1605
1571
1576
1606
1577
1607
1573
1578
1608
1574
1579
1609
1575
1580
1610
1576
1581
1611
1577
1582
1612
1583
1613
1579
1614
1580
1615
1581
1616
1582
1617
1583
1618
1619
1585
1590
1620
1586
1591
1621
1587
1592
1622
1588
1593
1623
1589
1594
1624
1595
1625
1591
1596
1626
1592
1597
1627
1593
1598
1628
1594
1599
1629
1595
1600
1630
1601
1631
1597
1602
1632
1598
1603
1633
1599
1604
1634
1600
1605
1635
1601
1606
1636
1607
1637
1603
1608
1638
1604
1609
1639
1605
1610
1640
1606
1611
1641
1607
1612
1642
1613
1643
1609
1614
1644
1610
1615
1645
1611
1616
1646
1612
1617
1647
1613
1618
1648
1619
1649
1615
1650
1616
1651
1617
1652
1618
1653
1619
1654
1655
1621
1626
1656
1622
1627
1657
1623
1628
1658
1624
1629
1659
1625
1630
1660
1631
1661
1627
1632
1662
1628
1633
1663
1629
1634
1664
1630
1635
1665
1631
1636
1666
1637
1667
1633
1638
1668
1634
1639
1669
1635
1640
1670
1636
1641
1671
1637
1642
1672
1643
1673
1639
1644
1674
1640
1645
1675
1641
1646
1676
1642
1647
1677
1643
1648
1678
1649
1679
1645
1650
1680
1646
1651
1681
1647
1652
1682
1648
1653
1683
1649
1654
1684
1655
1685
1651
1686
1652
1687
1653
1688
1654
1689
1655
1690
1691
1657
1662
1692
1658
1663
1693
1659
1664
1694
1660
1665
1695
1661
1666
1696
1667
1697
1663
1668
1698
1664
1669
1699
1665
1670
1700
1666
1671
1701
1667
1672
1702
1673
1703
1669
1674
1704
1670
1675
1705
1671
1676
1706
1672
1677
1707
1673
1678
1708
1679
1709
1675
1680
1710
1676
1681
1711
1677
1682
1712
1678
1683
1713
1679
1684
1714
1685
1715
1681
1686
1716
1682
1687
1717
1683
1688
1718
1684
1689
1719
1685
1690
1720
1691
1721
1687
1722
1688
1723
1689
1724
1690
1725
1691
1726
1727
1693
1698
1758
1694
1699
1759
1695
1700
1760
1696
1701
1761
1697
1702
1762
1703
1763
1699
1704
1794
1700
1705
1795
1701
1706
1796
1702
1707
1797
1703
1708
1798
1709
1799
1705
1710
1830
1706
1711
1831
1707
1712
1832
1708
1713
1833
1709
1714
1834
1715
1835
1711
1716
1866
1712
1717
1867
1713
1718
1868
1714
1719
1869
1715
1720
1870
1721
1871
1717
1722
1902
1718
1723
1903
1719
1724
1904
1720
1725
1905
1721
1726
1906
1727
1907
1723
1938
1724
1939
1725
1940
1726
1941
1727
1942
1943
1729
1734
1764
1730
1735
1765
1731
1736
1766
1732
1737
1767
1733
1738
1768
1739
1769
1735
1740
1770
1736
1741
1771
1737
1742
1772
1738
1743
1773
1739
1744
1774
1745
1775
1741
1746
1776
1742
1747
1777
1743
1748
1778
1744
1749
1779
1745
1750
1780
1751
1781
1747
1752
1782
1748
1753
1783
1749
1754
1784
1750
1755
1785
1751
1756
1786
1757
1787
1753
1758
1788
1754
1759
1789
1755
1760
1790
1756
1761
1791
1757
1762
1792
1763
1793
1759
1794
1760
1795
1761
1796
1762
1797
1763
1798
1799
1765
1770
1800
1766
1771
1801
1767
1772
1802
1768
1773
1803
1769
1774
1804
1775
1805
1771
1776
1806
1772
1777
1807
1773
1778
1808
1774
1779
1809
1775
1780
1810
1781
1811
1777
1782
1812
1778
1783
1813
1779
1784
1814
1780
1785
1815
1781
1786
1816
1787
1817
1783
1788
1818
1784
1789
1819
1785
1790
1820
1786
1791
1821
1787
1792
1822
1793
1823
1789
1794
1824
1790
1795
1825
1791
1796
1826
1792
1797
1827
1793
1798
1828
1799
1829
1795
1830
1796
1831
1797
1832
1798
1833
1799
1834
1835
1801
1806
1836
1802
1807
1837
1803
1808
1838
1804
1809
1839
1805
1810
1840
1811
1841
1807
1812
1842
1808
1813
1843
1809
1814
1844
1810
1815
1845
1811
1816
1846
1817
1847
1813
1818
1848
1814
1819
1849
1815
1820
1850
1816
1821
1851
1817
1822
1852
1823
1853
1819
1824
1854
1820
1825
1855
1821
1826
1856
1822
1827
1857
1823
1828
1858
1829
1859
1825
1830
1860
1826
1831
1861
1827
1832
1862
1828
1833
1863
1829
1834
1864
1835
1865
1831
1866
1832
1867
1833
1868
1834
1869
1835
1870
1871
1837
1842
1872
1838
1843
1873
1839
1844
1874
1840
1845
1875
1841
1846
1876
1847
1877
1843
1848
1878
1844
1849
1879
1845
1850
1880
1846
1851
1881
1847
1852
1882
1853
1883
1849
1854
1884
1850
1855
1885
1851
1856
1886
1852
1857
1887
1853
1858
1888
1859
1889
1855
1860
1890
1856
1861
1891
1857
1862
1892
1858
1863
1893
1859
1864
1894
1865
1895
1861
1866
1896
1862
1867
1897
1863
1868
1898
1864
1869
1899
1865
1870
1900
1871
1901
1867
1902
1868
1903
1869
1904
1870
1905
1871
1906
1907
1873
1878
1908
1874
1879
1909
1875
1880
1910
1876
1881
1911
1877
1882
1912
1883
1913
1879
1884
1914
1880
1885
1915
1881
1886
1916
1882
1887
1917
1883
1888
1918
1889
1919
1885
1890
1920
1886
1891
1921
1887
1892
1922
1888
1893
1923
1889
1894
1924
1895
1925
1891
1896
1926
1892
1897
1927
1893
1898
1928
1894
1899
1929
1895
1900
1930
1901
1931
1897
1902
1932
1898
1903
1933
1899
1904
1934
1900
1905
1935
1901
1906
1936
1907
1937
1903
1938
1904
1939
1905
1940
1906
1941
1907
1942
1943
1909
1914
1910
1915
1911
1916
1912
1917
1913
1918
1919
1915
1920
1916
1921
1917
1922
1918
1923
1919
1924
1925
1921
1926
1922
1927
1923
1928
1924
1929
1925
1930
1931
1927
1932
1928
1933
1929
1934
1930
1935
1931
1936
1937
1933
1938
1934
1939
1935
1940
1936
1941
1937
1942
1943
1939
1940
1941
1942
1943
)


// ************************************************************************* //
