/*--------------------------------*- C++ -*----------------------------------*\
  =========                 |
  \\      /  F ield         | OpenFOAM: The Open Source CFD Toolbox
   \\    /   O peration     | Website:  https://openfoam.org
    \\  /    A nd           | Version:  12
     \\/     M anipulation  |
\*---------------------------------------------------------------------------*/
FoamFile
{
    format      ascii;
    class       faceList;
    location    "constant/polyMesh";
    object      faces;
}
// * * * * * * * * * * * * * * * * * * * * * * * * * * * * * * * * * * * * * //


828
(
4(42 137 280 150)
4(26 150 280 130)
4(25 130 280 137)
4(1 25 137 42)
4(1 26 130 25)
4(43 139 281 151)
4(150 151 281 280)
4(137 280 281 139)
4(42 137 139 43)
4(151 34 132 281)
4(139 281 132 33)
4(5 33 132 34)
4(43 139 33 5)
4(150 280 282 148)
4(27 148 282 131)
4(130 131 282 280)
4(26 27 131 130)
4(151 281 283 149)
4(148 149 283 282)
4(280 282 283 281)
4(149 35 133 283)
4(281 283 133 132)
4(34 132 133 35)
4(148 282 143 46)
4(131 29 143 282)
4(2 46 143 29)
4(27 2 29 131)
4(149 283 141 47)
4(282 143 141 283)
4(46 47 141 143)
4(283 141 37 133)
4(35 133 37 6)
4(47 6 37 141)
4(137 136 284 280)
4(130 280 284 128)
4(24 128 284 136)
4(25 24 136 137)
4(25 130 128 24)
4(139 138 285 281)
4(280 281 285 284)
4(136 284 285 138)
4(137 136 138 139)
4(281 132 134 285)
4(138 285 134 32)
4(33 32 134 132)
4(139 138 32 33)
4(280 284 286 282)
4(131 282 286 129)
4(128 129 286 284)
4(130 131 129 128)
4(281 285 287 283)
4(282 283 287 286)
4(284 286 287 285)
4(283 133 135 287)
4(285 287 135 134)
4(132 134 135 133)
4(282 286 142 143)
4(129 28 142 286)
4(29 143 142 28)
4(131 29 28 129)
4(283 287 140 141)
4(286 142 140 287)
4(143 141 140 142)
4(287 140 36 135)
4(133 135 36 37)
4(141 37 36 140)
4(136 40 144 284)
4(128 284 144 30)
4(24 0 40 136)
4(24 128 30 0)
4(138 41 145 285)
4(284 285 145 144)
4(136 40 41 138)
4(285 134 38 145)
4(32 4 38 134)
4(138 41 4 32)
4(284 144 146 286)
4(129 286 146 31)
4(128 129 31 30)
4(285 145 147 287)
4(286 287 147 146)
4(287 135 39 147)
4(134 38 39 135)
4(286 146 44 142)
4(28 142 44 3)
4(129 28 3 31)
4(287 147 45 140)
4(142 140 45 44)
4(135 39 7 36)
4(140 36 7 45)
4(57 158 288 170)
4(55 170 288 154)
4(49 154 288 158)
4(9 49 158 57)
4(9 55 154 49)
4(56 156 289 171)
4(170 171 289 288)
4(158 288 289 156)
4(57 158 156 56)
4(171 35 133 289)
4(156 289 133 37)
4(56 156 37 6)
4(170 288 290 168)
4(54 168 290 155)
4(154 155 290 288)
4(55 54 155 154)
4(171 289 291 169)
4(168 169 291 290)
4(288 290 291 289)
4(169 34 132 291)
4(289 291 132 133)
4(168 290 164 63)
4(155 53 164 290)
4(11 63 164 53)
4(54 11 53 155)
4(169 291 166 62)
4(290 164 166 291)
4(63 62 166 164)
4(291 166 33 132)
4(62 5 33 166)
4(158 159 292 288)
4(154 288 292 152)
4(48 152 292 159)
4(49 48 159 158)
4(49 154 152 48)
4(156 157 293 289)
4(288 289 293 292)
4(159 292 293 157)
4(158 159 157 156)
4(289 133 135 293)
4(157 293 135 36)
4(156 157 36 37)
4(288 292 294 290)
4(155 290 294 153)
4(152 153 294 292)
4(154 155 153 152)
4(289 293 295 291)
4(290 291 295 294)
4(292 294 295 293)
4(291 132 134 295)
4(293 295 134 135)
4(290 294 165 164)
4(153 52 165 294)
4(53 164 165 52)
4(155 53 52 153)
4(291 295 167 166)
4(294 165 167 295)
4(164 166 167 165)
4(295 167 32 134)
4(166 33 32 167)
4(159 59 160 292)
4(152 292 160 51)
4(48 8 59 159)
4(48 152 51 8)
4(157 58 161 293)
4(292 293 161 160)
4(159 59 58 157)
4(293 135 39 161)
4(157 58 7 36)
4(292 160 162 294)
4(153 294 162 50)
4(152 153 50 51)
4(293 161 163 295)
4(294 295 163 162)
4(295 134 38 163)
4(294 162 61 165)
4(52 165 61 10)
4(153 52 10 50)
4(295 163 60 167)
4(165 167 60 61)
4(167 32 4 60)
4(57 178 296 158)
4(49 158 296 174)
4(64 174 296 178)
4(9 49 174 64)
4(56 176 297 156)
4(158 156 297 296)
4(178 296 297 176)
4(156 37 141 297)
4(176 297 141 47)
4(158 296 298 159)
4(48 159 298 175)
4(174 175 298 296)
4(49 48 175 174)
4(156 297 299 157)
4(159 157 299 298)
4(296 298 299 297)
4(157 36 140 299)
4(297 299 140 141)
4(159 298 184 59)
4(175 68 184 298)
4(48 8 68 175)
4(157 299 186 58)
4(298 184 186 299)
4(299 186 45 140)
4(178 179 300 296)
4(174 296 300 172)
4(65 172 300 179)
4(64 174 172 65)
4(176 177 301 297)
4(296 297 301 300)
4(179 300 301 177)
4(297 141 143 301)
4(177 301 143 46)
4(296 300 302 298)
4(175 298 302 173)
4(172 173 302 300)
4(174 175 173 172)
4(297 301 303 299)
4(298 299 303 302)
4(300 302 303 301)
4(299 140 142 303)
4(301 303 142 143)
4(298 302 185 184)
4(173 69 185 302)
4(175 68 69 173)
4(299 303 187 186)
4(302 185 187 303)
4(303 187 44 142)
4(179 71 182 300)
4(172 300 182 67)
4(12 67 182 71)
4(65 172 67 12)
4(177 70 180 301)
4(300 301 180 182)
4(71 182 180 70)
4(301 143 29 180)
4(70 180 29 2)
4(300 182 183 302)
4(173 302 183 66)
4(67 66 183 182)
4(172 173 66 67)
4(301 180 181 303)
4(302 303 181 183)
4(182 183 181 180)
4(303 142 28 181)
4(180 181 28 29)
4(302 183 73 185)
4(66 13 73 183)
4(173 69 13 66)
4(303 181 72 187)
4(183 73 72 181)
4(181 72 3 28)
4(63 164 304 202)
4(79 202 304 190)
4(53 190 304 164)
4(11 79 190 53)
4(62 166 305 203)
4(202 203 305 304)
4(164 304 305 166)
4(203 43 139 305)
4(166 305 139 33)
4(202 304 306 200)
4(78 200 306 191)
4(190 191 306 304)
4(79 78 191 190)
4(203 305 307 201)
4(200 201 307 306)
4(304 306 307 305)
4(201 42 137 307)
4(305 307 137 139)
4(200 306 196 83)
4(191 77 196 306)
4(15 83 196 77)
4(78 15 77 191)
4(201 307 198 82)
4(306 196 198 307)
4(83 82 198 196)
4(307 198 25 137)
4(82 1 25 198)
4(164 165 308 304)
4(190 304 308 188)
4(52 188 308 165)
4(53 190 188 52)
4(166 167 309 305)
4(304 305 309 308)
4(165 308 309 167)
4(305 139 138 309)
4(167 309 138 32)
4(304 308 310 306)
4(191 306 310 189)
4(188 189 310 308)
4(190 191 189 188)
4(305 309 311 307)
4(306 307 311 310)
4(308 310 311 309)
4(307 137 136 311)
4(309 311 136 138)
4(306 310 197 196)
4(189 76 197 310)
4(77 196 197 76)
4(191 77 76 189)
4(307 311 199 198)
4(310 197 199 311)
4(196 198 199 197)
4(311 199 24 136)
4(198 25 24 199)
4(165 61 192 308)
4(188 308 192 75)
4(52 188 75 10)
4(167 60 193 309)
4(308 309 193 192)
4(309 138 41 193)
4(308 192 194 310)
4(189 310 194 74)
4(188 189 74 75)
4(309 193 195 311)
4(310 311 195 194)
4(311 136 40 195)
4(310 194 81 197)
4(76 197 81 14)
4(189 76 14 74)
4(311 195 80 199)
4(197 199 80 81)
4(199 24 0 80)
4(71 210 312 182)
4(67 182 312 206)
4(84 206 312 210)
4(12 67 206 84)
4(70 208 313 180)
4(182 180 313 312)
4(210 312 313 208)
4(180 29 131 313)
4(208 313 131 27)
4(182 312 314 183)
4(66 183 314 207)
4(206 207 314 312)
4(67 66 207 206)
4(180 313 315 181)
4(183 181 315 314)
4(312 314 315 313)
4(181 28 129 315)
4(313 315 129 131)
4(183 314 212 73)
4(207 86 212 314)
4(66 13 86 207)
4(181 315 214 72)
4(314 212 214 315)
4(315 214 31 129)
4(210 211 316 312)
4(206 312 316 204)
4(85 204 316 211)
4(84 206 204 85)
4(208 209 317 313)
4(312 313 317 316)
4(211 316 317 209)
4(313 131 130 317)
4(209 317 130 26)
4(312 316 318 314)
4(207 314 318 205)
4(204 205 318 316)
4(206 207 205 204)
4(313 317 319 315)
4(314 315 319 318)
4(316 318 319 317)
4(315 129 128 319)
4(317 319 128 130)
4(314 318 213 212)
4(205 87 213 318)
4(207 86 87 205)
4(315 319 215 214)
4(318 213 215 319)
4(319 215 30 128)
4(211 83 196 316)
4(204 316 196 77)
4(85 204 77 15)
4(209 82 198 317)
4(316 317 198 196)
4(317 130 25 198)
4(316 196 197 318)
4(205 318 197 76)
4(204 205 76 77)
4(317 198 199 319)
4(318 319 199 197)
4(319 128 24 199)
4(318 197 81 213)
4(205 87 14 76)
4(319 199 80 215)
4(97 222 320 226)
4(90 226 320 218)
4(89 218 320 222)
4(17 89 222 97)
4(96 220 321 227)
4(226 227 321 320)
4(222 320 321 220)
4(97 222 220 96)
4(227 85 204 321)
4(220 321 204 77)
4(96 220 77 15)
4(226 320 322 224)
4(91 224 322 219)
4(218 219 322 320)
4(227 321 323 225)
4(224 225 323 322)
4(320 322 323 321)
4(225 84 206 323)
4(321 323 206 204)
4(224 322 228 101)
4(219 93 228 322)
4(18 101 228 93)
4(225 323 230 100)
4(322 228 230 323)
4(101 100 230 228)
4(323 230 67 206)
4(100 12 67 230)
4(222 223 324 320)
4(218 320 324 216)
4(88 216 324 223)
4(89 88 223 222)
4(220 221 325 321)
4(320 321 325 324)
4(223 324 325 221)
4(222 223 221 220)
4(321 204 205 325)
4(221 325 205 76)
4(220 221 76 77)
4(320 324 326 322)
4(219 322 326 217)
4(216 217 326 324)
4(321 325 327 323)
4(322 323 327 326)
4(324 326 327 325)
4(323 206 207 327)
4(325 327 207 205)
4(322 326 229 228)
4(217 92 229 326)
4(93 228 229 92)
4(323 327 231 230)
4(326 229 231 327)
4(228 230 231 229)
4(327 231 66 207)
4(230 67 66 231)
4(223 99 232 324)
4(216 324 232 94)
4(88 16 99 223)
4(221 98 233 325)
4(324 325 233 232)
4(223 99 98 221)
4(325 205 87 233)
4(221 98 14 76)
4(324 232 234 326)
4(217 326 234 95)
4(325 233 235 327)
4(326 327 235 234)
4(327 207 86 235)
4(326 234 103 229)
4(92 229 103 19)
4(327 235 102 231)
4(229 231 102 103)
4(231 66 13 102)
4(111 241 328 247)
4(106 247 328 238)
4(105 238 328 241)
4(20 111 247 106)
4(110 243 329 245)
4(247 245 329 328)
4(241 328 329 243)
4(111 110 245 247)
4(245 52 188 329)
4(243 329 188 75)
4(110 10 52 245)
4(247 328 330 246)
4(107 246 330 239)
4(238 239 330 328)
4(106 247 246 107)
4(245 329 331 244)
4(246 244 331 330)
4(328 330 331 329)
4(247 245 244 246)
4(244 53 190 331)
4(329 331 190 188)
4(245 52 53 244)
4(246 330 251 113)
4(239 109 251 330)
4(107 246 113 21)
4(244 331 249 112)
4(330 251 249 331)
4(246 244 112 113)
4(331 249 79 190)
4(244 53 11 112)
4(241 240 332 328)
4(238 328 332 236)
4(104 236 332 240)
4(243 242 333 329)
4(328 329 333 332)
4(240 332 333 242)
4(329 188 189 333)
4(242 333 189 74)
4(328 332 334 330)
4(239 330 334 237)
4(236 237 334 332)
4(329 333 335 331)
4(330 331 335 334)
4(332 334 335 333)
4(331 190 191 335)
4(333 335 191 189)
4(330 334 250 251)
4(237 108 250 334)
4(331 335 248 249)
4(334 250 248 335)
4(335 248 78 191)
4(240 99 223 332)
4(236 332 223 88)
4(242 98 221 333)
4(332 333 221 223)
4(333 189 76 221)
4(332 223 222 334)
4(237 334 222 89)
4(333 221 220 335)
4(334 335 220 222)
4(335 191 77 220)
4(334 222 97 250)
4(335 220 96 248)
4(103 256 336 229)
4(92 229 336 254)
4(114 254 336 256)
4(102 257 337 231)
4(229 231 337 336)
4(256 336 337 257)
4(231 66 173 337)
4(257 337 173 69)
4(229 336 338 228)
4(93 228 338 255)
4(254 255 338 336)
4(231 337 339 230)
4(228 230 339 338)
4(336 338 339 337)
4(230 67 172 339)
4(337 339 172 173)
4(228 338 266 101)
4(255 118 266 338)
4(230 339 267 100)
4(338 266 267 339)
4(339 267 65 172)
4(256 258 340 336)
4(254 336 340 252)
4(115 252 340 258)
4(257 259 341 337)
4(336 337 341 340)
4(258 340 341 259)
4(337 173 175 341)
4(259 341 175 68)
4(336 340 342 338)
4(255 338 342 253)
4(252 253 342 340)
4(337 341 343 339)
4(338 339 343 342)
4(340 342 343 341)
4(339 172 174 343)
4(341 343 174 175)
4(338 342 264 266)
4(253 119 264 342)
4(339 343 265 267)
4(342 264 265 343)
4(343 265 64 174)
4(258 121 261 340)
4(252 340 261 116)
4(22 116 261 121)
4(259 120 263 341)
4(340 341 263 261)
4(121 261 263 120)
4(341 175 48 263)
4(120 263 48 8)
4(340 261 260 342)
4(253 342 260 117)
4(116 117 260 261)
4(341 263 262 343)
4(342 343 262 260)
4(261 260 262 263)
4(343 174 49 262)
4(263 262 49 48)
4(342 260 123 264)
4(117 23 123 260)
4(343 262 122 265)
4(260 123 122 262)
4(262 122 9 49)
4(111 247 344 276)
4(126 276 344 270)
4(106 270 344 247)
4(110 245 345 278)
4(276 278 345 344)
4(247 344 345 245)
4(278 50 153 345)
4(245 345 153 52)
4(276 344 346 277)
4(127 277 346 271)
4(270 271 346 344)
4(278 345 347 279)
4(277 279 347 346)
4(344 346 347 345)
4(279 51 152 347)
4(345 347 152 153)
4(277 346 261 121)
4(271 116 261 346)
4(279 347 263 120)
4(346 261 263 347)
4(347 263 48 152)
4(247 246 348 344)
4(270 344 348 268)
4(107 268 348 246)
4(245 244 349 345)
4(344 345 349 348)
4(246 348 349 244)
4(345 153 155 349)
4(244 349 155 53)
4(344 348 350 346)
4(271 346 350 269)
4(268 269 350 348)
4(345 349 351 347)
4(346 347 351 350)
4(348 350 351 349)
4(347 152 154 351)
4(349 351 154 155)
4(346 350 260 261)
4(269 117 260 350)
4(347 351 262 263)
4(350 260 262 351)
4(351 262 49 154)
4(246 113 274 348)
4(268 348 274 124)
4(244 112 272 349)
4(348 349 272 274)
4(349 155 54 272)
4(348 274 275 350)
4(269 350 275 125)
4(349 272 273 351)
4(350 351 273 275)
4(351 154 55 273)
4(350 275 123 260)
4(351 273 122 262)
4(1 42 150 26)
4(42 43 151 150)
4(43 5 34 151)
4(26 150 148 27)
4(150 151 149 148)
4(151 34 35 149)
4(27 148 46 2)
4(148 149 47 46)
4(149 35 6 47)
4(0 30 144 40)
4(40 144 145 41)
4(41 145 38 4)
4(30 31 146 144)
4(144 146 147 145)
4(145 147 39 38)
4(31 3 44 146)
4(146 44 45 147)
4(147 45 7 39)
4(9 57 170 55)
4(57 56 171 170)
4(56 6 35 171)
4(55 170 168 54)
4(170 171 169 168)
4(171 35 34 169)
4(54 168 63 11)
4(168 169 62 63)
4(169 34 5 62)
4(8 51 160 59)
4(59 160 161 58)
4(58 161 39 7)
4(51 50 162 160)
4(160 162 163 161)
4(161 163 38 39)
4(50 10 61 162)
4(162 61 60 163)
4(163 60 4 38)
4(9 64 178 57)
4(57 178 176 56)
4(56 176 47 6)
4(8 59 184 68)
4(59 58 186 184)
4(58 7 45 186)
4(64 65 179 178)
4(178 179 177 176)
4(176 177 46 47)
4(68 184 185 69)
4(184 186 187 185)
4(186 45 44 187)
4(65 12 71 179)
4(179 71 70 177)
4(177 70 2 46)
4(69 185 73 13)
4(185 187 72 73)
4(187 44 3 72)
4(11 63 202 79)
4(63 62 203 202)
4(62 5 43 203)
4(79 202 200 78)
4(202 203 201 200)
4(203 43 42 201)
4(78 200 83 15)
4(200 201 82 83)
4(201 42 1 82)
4(10 75 192 61)
4(61 192 193 60)
4(60 193 41 4)
4(75 74 194 192)
4(192 194 195 193)
4(193 195 40 41)
4(74 14 81 194)
4(194 81 80 195)
4(195 80 0 40)
4(12 84 210 71)
4(71 210 208 70)
4(70 208 27 2)
4(13 73 212 86)
4(73 72 214 212)
4(72 3 31 214)
4(84 85 211 210)
4(210 211 209 208)
4(208 209 26 27)
4(86 212 213 87)
4(212 214 215 213)
4(214 31 30 215)
4(85 15 83 211)
4(211 83 82 209)
4(209 82 1 26)
4(87 213 81 14)
4(213 215 80 81)
4(215 30 0 80)
4(17 90 218 89)
4(17 97 226 90)
4(97 96 227 226)
4(96 15 85 227)
4(90 91 219 218)
4(90 226 224 91)
4(226 227 225 224)
4(227 85 84 225)
4(91 18 93 219)
4(91 224 101 18)
4(224 225 100 101)
4(225 84 12 100)
4(89 218 216 88)
4(218 219 217 216)
4(219 93 92 217)
4(88 216 94 16)
4(16 94 232 99)
4(99 232 233 98)
4(98 233 87 14)
4(216 217 95 94)
4(94 95 234 232)
4(232 234 235 233)
4(233 235 86 87)
4(217 92 19 95)
4(95 19 103 234)
4(234 103 102 235)
4(235 102 13 86)
4(20 105 241 111)
4(20 106 238 105)
4(111 241 243 110)
4(110 243 75 10)
4(106 107 239 238)
4(21 113 251 109)
4(107 21 109 239)
4(113 112 249 251)
4(112 11 79 249)
4(105 104 240 241)
4(105 238 236 104)
4(241 240 242 243)
4(243 242 74 75)
4(238 239 237 236)
4(109 251 250 108)
4(239 109 108 237)
4(251 249 248 250)
4(249 79 78 248)
4(104 16 99 240)
4(104 236 88 16)
4(240 99 98 242)
4(242 98 14 74)
4(236 237 89 88)
4(108 250 97 17)
4(237 108 17 89)
4(250 248 96 97)
4(248 78 15 96)
4(19 114 256 103)
4(19 92 254 114)
4(103 256 257 102)
4(102 257 69 13)
4(92 93 255 254)
4(18 101 266 118)
4(93 18 118 255)
4(101 100 267 266)
4(100 12 65 267)
4(114 115 258 256)
4(114 254 252 115)
4(256 258 259 257)
4(257 259 68 69)
4(254 255 253 252)
4(118 266 264 119)
4(255 118 119 253)
4(266 267 265 264)
4(267 65 64 265)
4(115 22 121 258)
4(115 252 116 22)
4(258 121 120 259)
4(259 120 8 68)
4(252 253 117 116)
4(119 264 123 23)
4(253 119 23 117)
4(264 265 122 123)
4(265 64 9 122)
4(20 126 270 106)
4(20 111 276 126)
4(111 110 278 276)
4(110 10 50 278)
4(126 127 271 270)
4(126 276 277 127)
4(276 278 279 277)
4(278 50 51 279)
4(127 22 116 271)
4(127 277 121 22)
4(277 279 120 121)
4(279 51 8 120)
4(106 270 268 107)
4(270 271 269 268)
4(271 116 117 269)
4(107 268 124 21)
4(21 124 274 113)
4(113 274 272 112)
4(112 272 54 11)
4(268 269 125 124)
4(124 125 275 274)
4(274 275 273 272)
4(272 273 55 54)
4(269 117 23 125)
4(125 23 123 275)
4(275 123 122 273)
4(273 122 9 55)
)


// ************************************************************************* //
