/*--------------------------------*- C++ -*----------------------------------*\
  =========                 |
  \\      /  F ield         | OpenFOAM: The Open Source CFD Toolbox
   \\    /   O peration     | Website:  https://openfoam.org
    \\  /    A nd           | Version:  12
     \\/     M anipulation  |
\*---------------------------------------------------------------------------*/
FoamFile
{
    format      ascii;
    class       vectorField;
    location    "constant/polyMesh";
    object      points;
}
// * * * * * * * * * * * * * * * * * * * * * * * * * * * * * * * * * * * * * //


352
(
(-0.19 -0.19 -0.3)
(-0.19 -0.19 0.3)
(-0.19 0.19 0.3)
(-0.19 0.19 -0.3)
(0.19 -0.19 -0.3)
(0.19 -0.19 0.3)
(0.19 0.19 0.3)
(0.19 0.19 -0.3)
(0.335876 0.335876 -0.3)
(0.335876 0.335876 0.3)
(0.335876 -0.335876 -0.3)
(0.335876 -0.335876 0.3)
(-0.335876 0.335876 0.3)
(-0.335876 0.335876 -0.3)
(-0.335876 -0.335876 -0.3)
(-0.335876 -0.335876 0.3)
(-0.63 -0.63 -0.3)
(-0.63 -0.63 0.3)
(-0.63 0.63 0.3)
(-0.63 0.63 -0.3)
(0.63 -0.63 -0.3)
(0.63 -0.63 0.3)
(0.63 0.63 -0.3)
(0.63 0.63 0.3)
(-0.19 -0.19 -0.1)
(-0.19 -0.19 0.1)
(-0.19 -0.0633333 0.3)
(-0.19 0.0633333 0.3)
(-0.19 0.19 -0.1)
(-0.19 0.19 0.1)
(-0.19 -0.0633333 -0.3)
(-0.19 0.0633333 -0.3)
(0.19 -0.19 -0.1)
(0.19 -0.19 0.1)
(0.19 -0.0633333 0.3)
(0.19 0.0633333 0.3)
(0.19 0.19 -0.1)
(0.19 0.19 0.1)
(0.19 -0.0633333 -0.3)
(0.19 0.0633333 -0.3)
(-0.0633333 -0.19 -0.3)
(0.0633333 -0.19 -0.3)
(-0.0633333 -0.19 0.3)
(0.0633333 -0.19 0.3)
(-0.0633333 0.19 -0.3)
(0.0633333 0.19 -0.3)
(-0.0633333 0.19 0.3)
(0.0633333 0.19 0.3)
(0.335876 0.335876 -0.1)
(0.335876 0.335876 0.1)
(0.458815 -0.122939 -0.3)
(0.458815 0.122939 -0.3)
(0.335876 -0.335876 -0.1)
(0.335876 -0.335876 0.1)
(0.458815 -0.122939 0.3)
(0.458815 0.122939 0.3)
(0.238625 0.238625 0.3)
(0.28725 0.28725 0.3)
(0.238625 0.238625 -0.3)
(0.28725 0.28725 -0.3)
(0.238625 -0.238625 -0.3)
(0.28725 -0.28725 -0.3)
(0.238625 -0.238625 0.3)
(0.28725 -0.28725 0.3)
(0.122939 0.458815 0.3)
(-0.122939 0.458815 0.3)
(-0.335876 0.335876 -0.1)
(-0.335876 0.335876 0.1)
(0.122939 0.458815 -0.3)
(-0.122939 0.458815 -0.3)
(-0.238625 0.238625 0.3)
(-0.28725 0.28725 0.3)
(-0.238625 0.238625 -0.3)
(-0.28725 0.28725 -0.3)
(-0.122939 -0.458815 -0.3)
(0.122939 -0.458815 -0.3)
(-0.335876 -0.335876 -0.1)
(-0.335876 -0.335876 0.1)
(-0.122939 -0.458815 0.3)
(0.122939 -0.458815 0.3)
(-0.238625 -0.238625 -0.3)
(-0.28725 -0.28725 -0.3)
(-0.238625 -0.238625 0.3)
(-0.28725 -0.28725 0.3)
(-0.458815 0.122939 0.3)
(-0.458815 -0.122939 0.3)
(-0.458815 0.122939 -0.3)
(-0.458815 -0.122939 -0.3)
(-0.63 -0.63 -0.1)
(-0.63 -0.63 0.1)
(-0.63 -0.21 0.3)
(-0.63 0.21 0.3)
(-0.63 0.63 -0.1)
(-0.63 0.63 0.1)
(-0.63 -0.21 -0.3)
(-0.63 0.21 -0.3)
(-0.433917 -0.433917 0.3)
(-0.531959 -0.531959 0.3)
(-0.433917 -0.433917 -0.3)
(-0.531959 -0.531959 -0.3)
(-0.433917 0.433917 0.3)
(-0.531959 0.531959 0.3)
(-0.433917 0.433917 -0.3)
(-0.531959 0.531959 -0.3)
(-0.21 -0.63 -0.3)
(0.21 -0.63 -0.3)
(0.63 -0.63 -0.1)
(0.63 -0.63 0.1)
(-0.21 -0.63 0.3)
(0.21 -0.63 0.3)
(0.433917 -0.433917 -0.3)
(0.531959 -0.531959 -0.3)
(0.433917 -0.433917 0.3)
(0.531959 -0.531959 0.3)
(-0.21 0.63 -0.3)
(0.21 0.63 -0.3)
(0.63 0.63 -0.1)
(0.63 0.63 0.1)
(-0.21 0.63 0.3)
(0.21 0.63 0.3)
(0.433917 0.433917 -0.3)
(0.531959 0.531959 -0.3)
(0.433917 0.433917 0.3)
(0.531959 0.531959 0.3)
(0.63 -0.21 0.3)
(0.63 0.21 0.3)
(0.63 -0.21 -0.3)
(0.63 0.21 -0.3)
(-0.19 -0.0633333 -0.1)
(-0.19 0.0633333 -0.1)
(-0.19 -0.0633333 0.1)
(-0.19 0.0633333 0.1)
(0.19 -0.0633333 0.1)
(0.19 0.0633333 0.1)
(0.19 -0.0633333 -0.1)
(0.19 0.0633333 -0.1)
(-0.0633333 -0.19 -0.1)
(-0.0633333 -0.19 0.1)
(0.0633333 -0.19 -0.1)
(0.0633333 -0.19 0.1)
(0.0633333 0.19 -0.1)
(0.0633333 0.19 0.1)
(-0.0633333 0.19 -0.1)
(-0.0633333 0.19 0.1)
(-0.0633333 -0.0633333 -0.3)
(0.0633333 -0.0633333 -0.3)
(-0.0633333 0.0633333 -0.3)
(0.0633333 0.0633333 -0.3)
(-0.0633333 0.0633333 0.3)
(0.0633333 0.0633333 0.3)
(-0.0633333 -0.0633333 0.3)
(0.0633333 -0.0633333 0.3)
(0.458815 0.122939 -0.1)
(0.458815 -0.122939 -0.1)
(0.458815 0.122939 0.1)
(0.458815 -0.122939 0.1)
(0.238625 0.238625 0.1)
(0.238625 0.238625 -0.1)
(0.28725 0.28725 0.1)
(0.28725 0.28725 -0.1)
(0.36921 0.10307 -0.3)
(0.279605 0.0832019 -0.3)
(0.36921 -0.10307 -0.3)
(0.279605 -0.0832019 -0.3)
(0.28725 -0.28725 0.1)
(0.28725 -0.28725 -0.1)
(0.238625 -0.238625 0.1)
(0.238625 -0.238625 -0.1)
(0.36921 -0.10307 0.3)
(0.279605 -0.0832019 0.3)
(0.36921 0.10307 0.3)
(0.279605 0.0832019 0.3)
(-0.122939 0.458815 0.1)
(-0.122939 0.458815 -0.1)
(0.122939 0.458815 0.1)
(0.122939 0.458815 -0.1)
(0.0832019 0.279605 0.3)
(-0.0832019 0.279605 0.3)
(0.10307 0.36921 0.3)
(-0.10307 0.36921 0.3)
(-0.238625 0.238625 0.1)
(-0.238625 0.238625 -0.1)
(-0.28725 0.28725 0.1)
(-0.28725 0.28725 -0.1)
(0.10307 0.36921 -0.3)
(-0.10307 0.36921 -0.3)
(0.0832019 0.279605 -0.3)
(-0.0832019 0.279605 -0.3)
(0.122939 -0.458815 -0.1)
(-0.122939 -0.458815 -0.1)
(0.122939 -0.458815 0.1)
(-0.122939 -0.458815 0.1)
(0.10307 -0.36921 -0.3)
(0.0832019 -0.279605 -0.3)
(-0.10307 -0.36921 -0.3)
(-0.0832019 -0.279605 -0.3)
(-0.28725 -0.28725 0.1)
(-0.28725 -0.28725 -0.1)
(-0.238625 -0.238625 0.1)
(-0.238625 -0.238625 -0.1)
(-0.10307 -0.36921 0.3)
(-0.0832019 -0.279605 0.3)
(0.10307 -0.36921 0.3)
(0.0832019 -0.279605 0.3)
(-0.458815 -0.122939 0.1)
(-0.458815 -0.122939 -0.1)
(-0.458815 0.122939 0.1)
(-0.458815 0.122939 -0.1)
(-0.279605 0.0832019 0.3)
(-0.279605 -0.0832019 0.3)
(-0.36921 0.10307 0.3)
(-0.36921 -0.10307 0.3)
(-0.36921 0.10307 -0.3)
(-0.36921 -0.10307 -0.3)
(-0.279605 0.0832019 -0.3)
(-0.279605 -0.0832019 -0.3)
(-0.63 -0.21 -0.1)
(-0.63 0.21 -0.1)
(-0.63 -0.21 0.1)
(-0.63 0.21 0.1)
(-0.433917 -0.433917 0.1)
(-0.433917 -0.433917 -0.1)
(-0.531959 -0.531959 0.1)
(-0.531959 -0.531959 -0.1)
(-0.572938 0.18098 0.3)
(-0.515877 0.151959 0.3)
(-0.572938 -0.18098 0.3)
(-0.515877 -0.151959 0.3)
(-0.531959 0.531959 0.1)
(-0.531959 0.531959 -0.1)
(-0.433917 0.433917 0.1)
(-0.433917 0.433917 -0.1)
(-0.572938 -0.18098 -0.3)
(-0.515877 -0.151959 -0.3)
(-0.572938 0.18098 -0.3)
(-0.515877 0.151959 -0.3)
(-0.21 -0.63 -0.1)
(-0.21 -0.63 0.1)
(0.21 -0.63 -0.1)
(0.21 -0.63 0.1)
(-0.18098 -0.572938 -0.3)
(0.18098 -0.572938 -0.3)
(-0.151959 -0.515877 -0.3)
(0.151959 -0.515877 -0.3)
(0.433917 -0.433917 0.1)
(0.433917 -0.433917 -0.1)
(0.531959 -0.531959 0.1)
(0.531959 -0.531959 -0.1)
(-0.151959 -0.515877 0.3)
(0.151959 -0.515877 0.3)
(-0.18098 -0.572938 0.3)
(0.18098 -0.572938 0.3)
(0.21 0.63 -0.1)
(0.21 0.63 0.1)
(-0.21 0.63 -0.1)
(-0.21 0.63 0.1)
(-0.18098 0.572938 -0.3)
(-0.151959 0.515877 -0.3)
(0.18098 0.572938 -0.3)
(0.151959 0.515877 -0.3)
(0.531959 0.531959 0.1)
(0.531959 0.531959 -0.1)
(0.433917 0.433917 0.1)
(0.433917 0.433917 -0.1)
(0.18098 0.572938 0.3)
(0.151959 0.515877 0.3)
(-0.18098 0.572938 0.3)
(-0.151959 0.515877 0.3)
(0.63 -0.21 0.1)
(0.63 0.21 0.1)
(0.63 -0.21 -0.1)
(0.63 0.21 -0.1)
(0.515877 -0.151959 0.3)
(0.515877 0.151959 0.3)
(0.572938 -0.18098 0.3)
(0.572938 0.18098 0.3)
(0.572938 -0.18098 -0.3)
(0.572938 0.18098 -0.3)
(0.515877 -0.151959 -0.3)
(0.515877 0.151959 -0.3)
(-0.0633333 -0.0633333 0.1)
(0.0633333 -0.0633333 0.1)
(-0.0633333 0.0633333 0.1)
(0.0633333 0.0633333 0.1)
(-0.0633333 -0.0633333 -0.1)
(0.0633333 -0.0633333 -0.1)
(-0.0633333 0.0633333 -0.1)
(0.0633333 0.0633333 -0.1)
(0.36921 0.10307 0.1)
(0.279605 0.0832019 0.1)
(0.36921 -0.10307 0.1)
(0.279605 -0.0832019 0.1)
(0.36921 0.10307 -0.1)
(0.279605 0.0832019 -0.1)
(0.36921 -0.10307 -0.1)
(0.279605 -0.0832019 -0.1)
(0.10307 0.36921 0.1)
(0.0832019 0.279605 0.1)
(0.10307 0.36921 -0.1)
(0.0832019 0.279605 -0.1)
(-0.10307 0.36921 0.1)
(-0.0832019 0.279605 0.1)
(-0.10307 0.36921 -0.1)
(-0.0832019 0.279605 -0.1)
(0.10307 -0.36921 0.1)
(0.0832019 -0.279605 0.1)
(-0.10307 -0.36921 0.1)
(-0.0832019 -0.279605 0.1)
(0.10307 -0.36921 -0.1)
(0.0832019 -0.279605 -0.1)
(-0.10307 -0.36921 -0.1)
(-0.0832019 -0.279605 -0.1)
(-0.36921 0.10307 0.1)
(-0.279605 0.0832019 0.1)
(-0.36921 0.10307 -0.1)
(-0.279605 0.0832019 -0.1)
(-0.36921 -0.10307 0.1)
(-0.279605 -0.0832019 0.1)
(-0.36921 -0.10307 -0.1)
(-0.279605 -0.0832019 -0.1)
(-0.572938 -0.18098 0.1)
(-0.515877 -0.151959 0.1)
(-0.572938 0.18098 0.1)
(-0.515877 0.151959 0.1)
(-0.572938 -0.18098 -0.1)
(-0.515877 -0.151959 -0.1)
(-0.572938 0.18098 -0.1)
(-0.515877 0.151959 -0.1)
(0.18098 -0.572938 -0.1)
(0.151959 -0.515877 -0.1)
(0.18098 -0.572938 0.1)
(0.151959 -0.515877 0.1)
(-0.18098 -0.572938 -0.1)
(-0.151959 -0.515877 -0.1)
(-0.18098 -0.572938 0.1)
(-0.151959 -0.515877 0.1)
(-0.18098 0.572938 -0.1)
(-0.151959 0.515877 -0.1)
(-0.18098 0.572938 0.1)
(-0.151959 0.515877 0.1)
(0.18098 0.572938 -0.1)
(0.151959 0.515877 -0.1)
(0.18098 0.572938 0.1)
(0.151959 0.515877 0.1)
(0.572938 -0.18098 -0.1)
(0.515877 -0.151959 -0.1)
(0.572938 0.18098 -0.1)
(0.515877 0.151959 -0.1)
(0.572938 -0.18098 0.1)
(0.515877 -0.151959 0.1)
(0.572938 0.18098 0.1)
(0.515877 0.151959 0.1)
)


// ************************************************************************* //
