/*--------------------------------*- C++ -*----------------------------------*\
  =========                 |
  \\      /  F ield         | OpenFOAM: The Open Source CFD Toolbox
   \\    /   O peration     | Website:  https://openfoam.org
    \\  /    A nd           | Version:  12
     \\/     M anipulation  |
\*---------------------------------------------------------------------------*/
FoamFile
{
    format      ascii;
    class       faceList;
    location    "constant/polyMesh";
    object      faces;
}
// * * * * * * * * * * * * * * * * * * * * * * * * * * * * * * * * * * * * * //


3963
(
3(404 436 190)
3(426 436 404)
3(426 190 436)
3(426 404 190)
3(353 471 469)
3(238 471 353)
3(238 469 471)
3(238 353 469)
3(436 158 427)
3(434 427 158)
3(434 436 427)
3(434 158 436)
3(234 433 225)
3(408 234 225)
3(408 225 433)
3(408 433 234)
3(404 436 178)
3(190 178 436)
3(190 404 178)
3(436 158 152)
3(436 152 427)
3(152 158 427)
3(438 424 434)
3(438 434 431)
3(424 431 434)
3(438 431 424)
3(152 21 177)
3(152 177 20)
3(20 177 21)
3(186 403 11)
3(123 186 11)
3(123 403 186)
3(123 11 403)
3(191 179 435)
3(430 179 191)
3(430 435 179)
3(430 191 435)
3(36 446 445)
3(36 35 446)
3(446 35 445)
3(36 445 35)
3(300 96 378)
3(95 300 378)
3(434 404 426)
3(434 426 436)
3(434 436 404)
3(219 359 491)
3(219 234 359)
3(234 491 359)
3(219 491 234)
3(305 190 211)
3(305 310 190)
3(305 211 310)
3(310 211 190)
3(398 480 378)
3(452 378 480)
3(452 398 378)
3(452 480 398)
3(152 436 177)
3(177 436 21)
3(152 21 436)
3(377 300 452)
3(300 378 452)
3(377 452 378)
3(377 378 300)
3(346 181 194)
3(346 182 181)
3(346 194 182)
3(181 182 194)
3(156 445 429)
3(429 445 439)
3(156 429 439)
3(156 439 445)
3(452 94 300)
3(300 94 377)
3(452 377 94)
3(414 125 422)
3(134 422 125)
3(134 414 422)
3(134 125 414)
3(198 430 23)
3(179 23 430)
3(179 430 198)
3(179 198 23)
3(443 121 417)
3(443 417 440)
3(440 417 121)
3(443 440 121)
3(432 428 431)
3(438 428 432)
3(438 431 428)
3(438 432 431)
3(192 180 437)
3(204 437 180)
3(204 192 437)
3(204 180 192)
3(379 480 378)
3(398 480 379)
3(423 215 413)
3(220 413 215)
3(220 423 413)
3(220 215 423)
3(414 210 437)
3(235 414 437)
3(235 210 414)
3(235 437 210)
3(148 152 436)
3(148 436 158)
3(132 215 413)
3(423 132 413)
3(423 215 132)
3(416 401 428)
3(439 428 401)
3(439 416 428)
3(439 401 416)
3(229 433 225)
3(234 433 229)
3(234 229 225)
3(145 132 423)
3(423 132 134)
3(145 423 134)
3(96 480 378)
3(96 379 480)
3(23 154 205)
3(205 154 24)
3(23 205 24)
3(192 149 180)
3(192 24 149)
3(149 24 180)
3(192 180 24)
3(412 233 197)
3(223 233 412)
3(223 412 197)
3(223 197 233)
3(173 443 446)
3(444 173 446)
3(444 446 443)
3(444 443 173)
3(220 404 213)
3(413 220 213)
3(413 213 404)
3(413 404 220)
3(199 161 149)
3(199 424 161)
3(161 424 149)
3(199 149 424)
3(149 180 437)
3(192 149 437)
3(227 210 437)
3(414 210 227)
3(414 227 437)
3(205 437 192)
3(205 192 154)
3(205 154 437)
3(192 437 154)
3(153 154 430)
3(153 430 23)
3(154 23 430)
3(300 378 480)
3(300 480 452)
3(423 437 424)
3(437 414 424)
3(423 424 414)
3(423 414 437)
3(161 25 199)
3(25 149 199)
3(440 30 0)
3(440 0 19)
3(0 30 19)
3(440 19 30)
3(404 226 206)
3(404 178 226)
3(404 206 178)
3(206 226 178)
3(440 31 441)
3(440 441 443)
3(31 443 441)
3(440 443 31)
3(452 398 377)
3(430 162 154)
3(153 162 430)
3(132 215 213)
3(213 215 413)
3(132 213 413)
3(131 411 409)
3(405 409 411)
3(131 405 411)
3(131 409 405)
3(480 300 96)
3(163 427 147)
3(152 147 427)
3(152 427 163)
3(192 24 154)
3(192 154 149)
3(124 213 195)
3(413 124 195)
3(413 213 124)
3(413 195 213)
3(214 197 412)
3(214 412 233)
3(214 233 197)
3(419 144 141)
3(419 141 145)
3(419 145 144)
3(405 406 143)
3(144 406 405)
3(144 143 406)
3(144 405 143)
3(408 407 236)
3(212 408 236)
3(212 236 407)
3(212 407 408)
3(359 181 491)
3(365 359 491)
3(365 491 181)
3(365 181 359)
3(18 128 189)
3(189 128 203)
3(18 203 128)
3(18 189 203)
3(440 19 189)
3(440 189 176)
3(440 176 19)
3(176 189 19)
3(186 211 11)
3(186 403 211)
3(211 403 11)
3(439 231 208)
3(439 208 418)
3(439 418 231)
3(208 231 418)
3(172 443 217)
3(172 230 443)
3(443 230 217)
3(172 217 230)
3(413 132 145)
3(130 413 145)
3(130 132 413)
3(166 429 167)
3(163 167 429)
3(166 163 429)
3(94 297 452)
3(452 297 300)
3(207 161 25)
3(207 199 161)
3(207 25 199)
3(218 134 13)
3(218 14 134)
3(218 13 14)
3(350 386 116)
3(350 115 386)
3(207 161 26)
3(207 26 25)
3(170 445 29)
3(208 445 170)
3(208 29 445)
3(208 170 29)
3(207 433 193)
3(433 160 193)
3(207 193 160)
3(207 160 433)
3(346 181 365)
3(181 194 365)
3(346 365 194)
3(432 164 431)
3(432 431 167)
3(432 167 164)
3(431 164 167)
3(95 300 377)
3(199 180 437)
3(149 180 199)
3(149 199 437)
3(432 433 401)
3(438 401 433)
3(432 401 438)
3(432 438 433)
3(25 180 149)
3(25 24 180)
3(401 410 408)
3(401 433 410)
3(401 408 433)
3(408 410 433)
3(168 434 166)
3(168 162 434)
3(166 434 162)
3(93 452 94)
3(93 297 452)
3(147 1 36)
3(147 36 151)
3(36 1 151)
3(405 136 408)
3(408 136 409)
3(405 408 409)
3(405 409 136)
3(228 407 408)
3(408 407 235)
3(228 408 235)
3(228 235 407)
3(412 411 416)
3(416 411 405)
3(412 405 411)
3(412 416 405)
3(452 377 93)
3(429 167 431)
3(167 166 431)
3(429 431 166)
3(147 1 175)
3(147 175 36)
3(36 175 1)
3(407 125 422)
3(414 125 407)
3(414 407 422)
3(197 127 412)
3(197 412 409)
3(412 127 409)
3(197 409 127)
3(231 439 223)
3(412 231 223)
3(412 439 231)
3(412 223 439)
3(272 11 186)
3(211 11 272)
3(211 272 186)
3(412 231 411)
3(233 411 231)
3(233 231 412)
3(233 412 411)
3(412 231 416)
3(411 416 231)
3(410 209 409)
3(410 234 209)
3(209 234 409)
3(410 409 234)
3(403 413 195)
3(404 195 413)
3(403 195 404)
3(403 404 413)
3(413 423 145)
3(231 203 441)
3(411 203 231)
3(411 231 441)
3(411 441 203)
3(214 197 127)
3(214 127 412)
3(422 406 125)
3(407 406 422)
3(407 125 406)
3(410 412 409)
3(409 412 209)
3(410 209 412)
3(473 240 42)
3(473 42 476)
3(473 476 240)
3(240 476 42)
3(196 221 407)
3(221 187 407)
3(196 187 221)
3(196 407 187)
3(228 407 236)
3(408 228 236)
3(219 209 410)
3(219 410 234)
3(219 234 209)
3(224 203 441)
3(231 224 441)
3(231 203 224)
3(202 16 409)
3(212 202 409)
3(212 16 202)
3(212 409 16)
3(422 138 406)
3(419 138 422)
3(419 422 406)
3(419 406 138)
3(186 271 272)
3(186 272 286)
3(186 286 271)
3(272 271 286)
3(227 232 437)
3(205 437 232)
3(205 227 437)
3(205 232 227)
3(209 202 409)
3(202 234 409)
3(209 234 202)
3(429 428 431)
3(432 429 431)
3(432 428 429)
3(229 193 207)
3(229 207 433)
3(229 433 193)
3(231 439 200)
3(200 439 223)
3(231 200 223)
3(199 437 204)
3(199 204 235)
3(437 235 204)
3(199 235 437)
3(206 311 226)
3(206 226 309)
3(206 309 311)
3(309 226 311)
3(125 187 15)
3(125 14 187)
3(14 15 187)
3(446 427 163)
3(446 429 427)
3(446 163 429)
3(163 427 429)
3(228 407 221)
3(221 407 236)
3(228 221 236)
3(213 226 220)
3(302 220 226)
3(302 213 220)
3(302 226 213)
3(12 11 186)
3(12 186 271)
3(186 11 271)
3(189 169 441)
3(441 169 440)
3(189 440 169)
3(189 441 440)
3(224 189 441)
3(189 203 441)
3(224 203 189)
3(206 186 310)
3(310 186 285)
3(206 285 186)
3(206 310 285)
3(226 404 213)
3(220 404 226)
3(125 187 407)
3(125 407 15)
3(15 407 187)
3(281 212 448)
3(221 448 212)
3(281 221 212)
3(281 448 221)
3(185 62 280)
3(185 280 10)
3(185 10 62)
3(190 403 206)
3(404 190 206)
3(404 206 403)
3(404 403 190)
3(208 184 224)
3(208 224 243)
3(184 243 224)
3(208 243 184)
3(424 431 164)
3(424 164 168)
3(431 168 164)
3(424 168 431)
3(432 182 439)
3(412 432 439)
3(412 182 432)
3(412 439 182)
3(410 401 409)
3(412 401 410)
3(412 409 401)
3(197 412 209)
3(409 197 209)
3(336 81 188)
3(336 188 202)
3(188 81 202)
3(336 202 81)
3(420 415 419)
3(421 415 420)
3(421 420 419)
3(421 419 415)
3(415 142 420)
3(420 142 419)
3(415 419 142)
3(12 195 124)
3(12 124 213)
3(12 213 195)
3(443 402 121)
3(443 185 402)
3(443 121 185)
3(185 121 402)
3(224 469 472)
3(224 264 469)
3(224 472 264)
3(472 469 264)
3(447 242 240)
3(447 241 242)
3(447 240 241)
3(257 276 279)
3(257 59 276)
3(257 279 59)
3(404 434 430)
3(430 434 435)
3(404 430 435)
3(404 435 434)
3(411 127 409)
3(411 409 412)
3(411 412 127)
3(214 339 203)
3(203 339 274)
3(214 274 339)
3(214 203 274)
3(276 189 279)
3(279 189 18)
3(276 18 189)
3(370 386 483)
3(115 370 483)
3(115 483 386)
3(424 434 400)
3(438 424 400)
3(438 400 434)
3(232 423 227)
3(437 423 232)
3(437 227 423)
3(424 423 430)
3(437 430 423)
3(437 424 430)
3(124 123 195)
3(12 195 123)
3(424 400 423)
3(424 423 422)
3(422 423 400)
3(424 422 400)
3(418 416 231)
3(441 231 416)
3(418 231 441)
3(418 441 416)
3(415 142 417)
3(420 417 142)
3(420 415 417)
3(36 445 29)
3(170 445 36)
3(170 36 29)
3(22 179 435)
3(191 22 435)
3(191 179 22)
3(206 186 190)
3(310 206 190)
3(310 190 186)
3(180 25 373)
3(103 25 180)
3(103 180 373)
3(103 373 25)
3(444 418 208)
3(444 208 224)
3(208 418 224)
3(444 224 418)
3(36 445 151)
3(36 151 29)
3(151 445 29)
3(199 180 204)
3(196 228 407)
3(196 221 228)
3(424 400 430)
3(423 430 400)
3(193 181 219)
3(181 344 219)
3(193 344 181)
3(193 219 344)
3(15 407 212)
3(221 212 407)
3(15 221 407)
3(15 212 221)
3(183 224 441)
3(444 224 183)
3(444 441 224)
3(444 183 441)
3(404 222 430)
3(404 423 222)
3(404 430 423)
3(222 423 430)
3(450 449 100)
3(449 321 100)
3(450 100 321)
3(450 321 449)
3(314 333 454)
3(313 314 454)
3(313 454 333)
3(408 401 409)
3(410 408 409)
3(128 19 189)
3(128 440 19)
3(128 189 440)
3(432 433 410)
3(401 432 410)
3(22 179 153)
3(153 179 435)
3(22 153 435)
3(430 222 191)
3(430 179 222)
3(179 191 222)
3(169 31 176)
3(462 169 176)
3(462 176 31)
3(462 31 169)
3(456 212 273)
3(456 273 484)
3(273 212 484)
3(456 484 212)
3(446 427 147)
3(163 446 147)
3(438 405 401)
3(438 401 416)
3(438 416 405)
3(401 405 416)
3(432 157 155)
3(432 150 157)
3(432 155 150)
3(215 13 132)
3(213 132 13)
3(215 213 13)
3(188 202 409)
3(188 409 209)
3(188 209 202)
3(408 409 225)
3(234 225 409)
3(234 409 408)
3(164 431 433)
3(432 164 433)
3(432 433 431)
3(224 469 231)
3(224 231 472)
3(472 231 469)
3(411 203 233)
3(203 231 233)
3(424 199 433)
3(199 235 433)
3(424 433 235)
3(424 235 199)
3(456 273 267)
3(456 455 273)
3(273 455 267)
3(456 267 455)
3(261 472 239)
3(472 264 239)
3(261 264 472)
3(216 423 232)
3(216 215 423)
3(232 423 215)
3(216 232 215)
3(13 215 134)
3(218 134 215)
3(218 215 13)
3(429 428 434)
3(434 428 431)
3(429 434 431)
3(127 126 409)
3(409 126 197)
3(127 197 126)
3(438 433 408)
3(438 408 424)
3(408 433 424)
3(438 424 433)
3(356 358 234)
3(358 359 234)
3(356 234 359)
3(432 157 156)
3(432 156 155)
3(208 151 156)
3(445 156 151)
3(208 156 445)
3(208 445 151)
3(208 200 231)
3(208 439 200)
3(408 424 414)
3(422 414 424)
3(422 424 408)
3(422 408 414)
3(438 401 408)
3(438 405 408)
3(408 405 401)
3(422 138 125)
3(138 406 125)
3(216 423 227)
3(232 216 227)
3(421 400 419)
3(419 400 413)
3(421 419 413)
3(421 413 400)
3(205 430 23)
3(205 198 430)
3(205 23 198)
3(408 407 406)
3(422 407 408)
3(422 408 406)
3(218 134 414)
3(218 414 423)
3(218 423 134)
3(414 134 423)
3(218 423 216)
3(218 215 423)
3(218 216 215)
3(232 430 437)
3(437 430 205)
3(232 205 430)
3(411 129 417)
3(417 129 135)
3(411 135 129)
3(411 417 135)
3(445 163 156)
3(429 156 163)
3(445 429 163)
3(29 208 156)
3(208 28 156)
3(29 28 208)
3(227 437 192)
3(227 192 205)
3(224 169 441)
3(224 189 169)
3(29 208 151)
3(423 232 430)
3(419 422 145)
3(145 422 413)
3(419 145 413)
3(419 413 422)
3(172 185 443)
3(172 443 171)
3(185 171 443)
3(172 171 185)
3(152 427 177)
3(177 427 436)
3(421 425 404)
3(421 403 425)
3(421 404 403)
3(425 403 404)
3(450 371 100)
3(450 449 371)
3(371 449 100)
3(418 445 439)
3(429 445 418)
3(429 418 439)
3(163 151 445)
3(440 31 30)
3(440 176 31)
3(440 30 176)
3(31 176 30)
3(173 230 446)
3(230 443 446)
3(173 443 230)
3(223 233 231)
3(425 217 443)
3(425 443 426)
3(425 426 217)
3(443 217 426)
3(208 472 261)
3(261 472 224)
3(208 224 472)
3(208 261 224)
3(207 229 450)
3(207 450 193)
3(229 193 450)
3(273 281 456)
3(267 456 281)
3(212 281 456)
3(273 281 212)
3(432 165 157)
3(432 150 165)
3(174 446 173)
3(174 230 446)
3(174 173 230)
3(419 138 145)
3(422 145 138)
3(218 201 414)
3(218 134 201)
3(201 134 414)
3(218 414 216)
3(216 414 423)
3(411 233 214)
3(411 214 412)
3(442 441 443)
3(417 443 441)
3(417 442 443)
3(417 441 442)
3(472 240 261)
3(472 239 240)
3(446 426 427)
3(446 429 426)
3(426 429 427)
3(428 421 429)
3(434 421 428)
3(434 429 421)
3(438 401 428)
3(416 438 428)
3(164 424 433)
3(424 431 433)
3(187 414 125)
3(187 407 414)
3(414 201 187)
3(201 125 187)
3(414 125 201)
3(213 215 220)
3(257 189 276)
3(257 276 250)
3(257 250 189)
3(250 276 189)
3(219 410 181)
3(181 410 193)
3(219 193 410)
3(131 127 409)
3(131 411 127)
3(121 402 140)
3(121 137 402)
3(137 140 402)
3(471 239 473)
3(472 471 473)
3(472 239 471)
3(472 473 239)
3(403 124 123)
3(403 195 124)
3(403 123 195)
3(188 16 409)
3(202 16 188)
3(411 440 417)
3(440 129 417)
3(411 129 440)
3(121 417 402)
3(402 417 443)
3(425 421 442)
3(417 421 425)
3(417 425 442)
3(417 442 421)
3(413 423 404)
3(413 400 423)
3(404 423 400)
3(413 404 400)
3(201 210 414)
3(414 210 187)
3(201 187 210)
3(122 11 185)
3(122 211 11)
3(122 185 211)
3(185 11 211)
3(166 168 431)
3(168 434 431)
3(166 431 434)
3(282 297 452)
3(282 452 72)
3(297 72 452)
3(444 442 446)
3(418 446 442)
3(418 444 446)
3(418 442 444)
3(446 427 177)
3(177 427 147)
3(446 177 147)
3(385 452 377)
3(377 452 70)
3(385 70 452)
3(435 153 148)
3(435 148 158)
3(435 158 153)
3(34 244 35)
3(465 35 244)
3(34 465 244)
3(34 35 465)
3(148 22 178)
3(148 178 21)
3(21 178 22)
3(177 436 190)
3(190 436 21)
3(177 190 21)
3(360 491 356)
3(209 360 356)
3(209 356 491)
3(209 491 360)
3(18 19 189)
3(440 19 129)
3(440 129 128)
3(353 470 469)
3(353 471 470)
3(470 471 469)
3(32 444 443)
3(32 443 33)
3(32 33 444)
3(444 33 443)
3(181 344 345)
3(181 359 344)
3(181 345 359)
3(445 418 208)
3(444 445 208)
3(444 418 445)
3(190 403 186)
3(186 403 206)
3(208 445 439)
3(466 230 263)
3(246 263 230)
3(466 246 230)
3(466 263 246)
3(446 426 177)
3(177 426 427)
3(346 182 27)
3(181 27 182)
3(346 27 181)
3(403 402 211)
3(122 403 211)
3(122 211 402)
3(122 402 403)
3(225 408 212)
3(408 409 212)
3(225 212 409)
3(456 484 455)
3(456 486 484)
3(486 455 484)
3(456 455 486)
3(191 404 222)
3(430 404 191)
3(214 203 233)
3(411 203 214)
3(155 182 439)
3(432 182 155)
3(432 155 439)
3(423 422 413)
3(145 422 423)
3(469 238 264)
3(469 264 237)
3(469 237 238)
3(346 366 182)
3(182 366 194)
3(346 194 366)
3(302 303 191)
3(302 191 220)
3(303 220 191)
3(302 220 303)
3(194 219 410)
3(181 194 410)
3(181 219 194)
3(212 133 15)
3(212 15 136)
3(212 136 133)
3(179 153 23)
3(179 23 22)
3(155 182 200)
3(200 182 439)
3(155 200 439)
3(194 209 410)
3(219 209 194)
3(237 279 275)
3(237 275 58)
3(237 58 279)
3(28 156 200)
3(208 200 156)
3(28 200 208)
3(443 442 444)
3(443 444 441)
3(444 442 441)
3(469 353 367)
3(470 367 353)
3(469 367 470)
3(429 156 167)
3(401 412 432)
3(401 432 439)
3(401 439 412)
3(131 409 126)
3(126 409 136)
3(131 136 409)
3(250 60 276)
3(59 250 276)
3(419 141 420)
3(141 413 420)
3(419 413 141)
3(419 420 413)
3(195 404 213)
3(226 404 195)
3(226 195 213)
3(188 126 197)
3(409 126 188)
3(409 188 197)
3(224 463 257)
3(259 224 257)
3(259 463 224)
3(259 257 463)
3(411 415 416)
3(416 415 405)
3(411 405 415)
3(438 405 421)
3(421 405 400)
3(438 400 405)
3(438 421 400)
3(440 31 171)
3(440 171 30)
3(31 30 171)
3(438 416 421)
3(421 416 405)
3(135 415 411)
3(135 146 415)
3(135 411 146)
3(146 411 415)
3(403 130 123)
3(403 124 130)
3(139 402 142)
3(420 142 402)
3(139 142 420)
3(139 420 402)
3(130 141 413)
3(141 403 413)
3(130 403 141)
3(130 413 403)
3(402 137 139)
3(402 142 137)
3(273 484 455)
3(216 201 414)
3(218 201 216)
3(403 413 124)
3(148 178 435)
3(435 178 436)
3(148 435 436)
3(148 436 178)
3(407 212 133)
3(407 133 15)
3(153 179 430)
3(153 430 435)
3(148 435 22)
3(410 433 160)
3(410 160 193)
3(410 193 433)
3(178 435 22)
3(257 469 224)
3(257 224 264)
3(257 264 469)
3(405 136 406)
3(408 406 136)
3(405 406 408)
3(178 435 191)
3(178 191 22)
3(335 79 273)
3(349 273 79)
3(335 273 349)
3(327 247 326)
3(49 247 327)
3(49 326 247)
3(159 168 424)
3(164 159 424)
3(163 147 445)
3(147 151 445)
3(465 245 457)
3(465 244 245)
3(465 457 244)
3(457 245 244)
3(194 182 412)
3(223 412 182)
3(194 412 223)
3(194 223 182)
3(155 28 200)
3(155 182 28)
3(182 200 28)
3(170 244 35)
3(170 34 244)
3(170 35 34)
3(168 162 424)
3(424 162 434)
3(168 424 434)
3(132 215 134)
3(141 413 145)
3(138 134 422)
3(441 128 203)
3(189 128 441)
3(439 231 416)
3(412 439 416)
3(183 441 169)
3(32 169 441)
3(32 441 183)
3(32 183 169)
3(48 466 246)
3(48 326 466)
3(48 246 326)
3(246 466 326)
3(444 208 184)
3(444 184 224)
3(31 169 440)
3(441 169 31)
3(433 160 432)
3(432 160 410)
3(251 462 463)
3(462 176 463)
3(251 463 176)
3(251 176 462)
3(31 460 458)
3(460 251 458)
3(31 458 251)
3(31 251 460)
3(141 142 419)
3(420 142 141)
3(444 173 34)
3(444 34 446)
3(34 173 446)
3(183 224 169)
3(144 142 419)
3(440 441 417)
3(457 263 262)
3(457 245 263)
3(457 262 245)
3(472 261 447)
3(472 447 208)
3(447 261 208)
3(428 421 418)
3(418 421 429)
3(428 418 429)
3(148 21 436)
3(440 121 0)
3(0 121 30)
3(440 30 121)
3(150 193 26)
3(150 181 193)
3(150 26 181)
3(181 26 193)
3(193 26 160)
3(150 193 160)
3(207 314 454)
3(207 454 199)
3(207 199 314)
3(199 454 314)
3(194 410 182)
3(181 182 410)
3(429 439 432)
3(432 439 156)
3(429 432 156)
3(432 429 167)
3(425 402 211)
3(425 403 402)
3(425 211 403)
3(410 433 219)
3(234 219 433)
3(234 433 410)
3(182 439 223)
3(200 182 223)
3(410 182 412)
3(194 410 412)
3(411 135 127)
3(411 127 128)
3(411 128 135)
3(443 442 446)
3(185 402 425)
3(185 425 443)
3(425 402 443)
3(314 333 207)
3(207 333 454)
3(440 129 0)
3(440 121 129)
3(185 211 425)
3(185 402 211)
3(452 282 307)
3(452 307 297)
3(302 311 191)
3(303 191 311)
3(452 218 385)
3(452 216 218)
3(218 216 385)
3(452 385 216)
3(163 446 445)
3(147 445 446)
3(446 445 429)
3(138 406 133)
3(133 406 125)
3(432 157 167)
3(432 167 156)
3(185 425 217)
3(185 217 443)
3(232 453 452)
3(232 479 453)
3(232 452 479)
3(452 453 479)
3(177 152 147)
3(425 217 211)
3(185 211 217)
3(152 166 427)
3(166 158 427)
3(404 435 178)
3(404 436 435)
3(404 435 191)
3(404 191 178)
3(423 215 134)
3(368 451 357)
3(368 348 451)
3(357 451 348)
3(432 401 428)
3(155 156 200)
3(197 412 194)
3(194 412 209)
3(197 194 209)
3(167 168 431)
3(70 385 269)
3(269 385 69)
3(350 484 349)
3(350 363 484)
3(349 484 363)
3(434 428 438)
3(412 432 410)
3(418 442 421)
3(418 421 416)
3(421 442 416)
3(418 416 442)
3(232 453 216)
3(232 216 452)
3(452 216 453)
3(301 480 97)
3(301 97 481)
3(480 481 97)
3(301 481 480)
3(410 182 432)
3(298 99 316)
3(99 380 316)
3(298 380 99)
3(298 316 380)
3(417 411 415)
3(417 416 411)
3(417 415 416)
3(432 439 428)
3(412 405 409)
3(161 433 199)
3(207 199 433)
3(207 433 161)
3(172 185 217)
3(338 83 17)
3(338 17 82)
3(236 225 408)
3(236 212 225)
3(408 433 236)
3(236 433 228)
3(408 228 433)
3(161 433 424)
3(199 228 433)
3(228 235 433)
3(199 235 228)
3(214 127 17)
3(18 127 214)
3(18 214 17)
3(136 409 212)
3(408 136 212)
3(202 409 225)
3(202 225 212)
3(207 160 26)
3(207 161 160)
3(159 162 424)
3(201 134 14)
3(201 14 125)
3(201 125 134)
3(207 228 433)
3(199 228 207)
3(375 328 105)
3(375 376 328)
3(328 376 105)
3(235 424 414)
3(408 235 414)
3(408 424 235)
3(207 193 26)
3(235 424 437)
3(456 450 229)
3(486 450 456)
3(486 229 450)
3(486 456 229)
3(41 239 473)
3(471 239 41)
3(471 41 473)
3(404 400 434)
3(404 434 421)
3(404 421 400)
3(421 434 400)
3(425 426 442)
3(425 421 426)
3(426 421 442)
3(199 373 372)
3(199 372 390)
3(199 390 373)
3(422 414 423)
3(124 132 213)
3(124 413 132)
3(236 229 225)
3(236 456 229)
3(236 225 456)
3(456 225 229)
3(395 453 375)
3(376 453 395)
3(376 375 453)
3(193 321 26)
3(344 26 321)
3(344 193 26)
3(344 321 193)
3(375 328 205)
3(192 205 328)
3(375 192 328)
3(375 205 192)
3(211 190 403)
3(186 190 211)
3(20 175 147)
3(1 175 20)
3(147 36 445)
3(404 195 206)
3(206 195 226)
3(217 190 425)
3(211 425 190)
3(211 190 217)
3(135 131 411)
3(443 442 426)
3(443 426 446)
3(426 442 446)
3(16 202 273)
3(202 212 273)
3(16 273 212)
3(417 140 135)
3(417 129 140)
3(482 106 315)
3(482 376 106)
3(482 315 376)
3(376 315 106)
3(439 416 418)
3(428 418 416)
3(428 439 418)
3(270 215 13)
3(13 215 278)
3(270 278 215)
3(221 212 236)
3(407 408 133)
3(212 133 408)
3(180 25 199)
3(199 25 373)
3(180 199 373)
3(346 181 345)
3(345 181 365)
3(203 127 128)
3(203 128 411)
3(203 411 127)
3(407 406 133)
3(406 408 133)
3(448 382 392)
3(448 381 382)
3(448 392 381)
3(404 220 423)
3(434 400 430)
3(424 434 430)
3(163 166 427)
3(346 27 110)
3(346 345 27)
3(345 110 27)
3(455 399 381)
3(456 381 399)
3(455 381 456)
3(455 456 399)
3(232 308 304)
3(232 307 308)
3(232 304 307)
3(411 128 129)
3(150 193 410)
3(150 410 160)
3(405 143 136)
3(131 405 136)
3(131 143 405)
3(232 308 215)
3(232 215 220)
3(232 220 308)
3(215 308 220)
3(466 173 263)
3(466 230 173)
3(173 230 263)
3(457 173 263)
3(457 263 466)
3(457 466 173)
3(41 240 473)
3(240 239 473)
3(147 36 446)
3(165 164 432)
3(167 165 432)
3(446 426 230)
3(446 230 177)
3(177 230 426)
3(0 30 458)
3(30 19 458)
3(0 458 19)
3(479 292 304)
3(479 198 292)
3(292 198 304)
3(479 304 198)
3(391 480 453)
3(391 453 481)
3(391 481 480)
3(453 480 481)
3(32 443 171)
3(172 443 32)
3(172 32 171)
3(342 113 475)
3(475 113 43)
3(342 475 43)
3(343 352 485)
3(485 352 489)
3(343 489 352)
3(343 485 489)
3(443 442 425)
3(444 33 34)
3(444 173 33)
3(34 33 173)
3(177 436 426)
3(190 177 426)
3(405 419 421)
3(405 400 419)
3(444 445 446)
3(446 445 34)
3(444 34 445)
3(343 358 485)
3(485 358 352)
3(456 448 212)
3(236 212 448)
3(456 212 236)
3(456 236 448)
3(417 135 415)
3(127 18 203)
3(411 441 440)
3(411 440 128)
3(411 128 441)
3(440 441 128)
3(194 197 223)
3(197 127 17)
3(214 197 17)
3(416 441 411)
3(214 203 127)
3(214 18 203)
3(140 142 417)
3(415 140 417)
3(415 142 140)
3(32 443 441)
3(32 31 443)
3(32 441 31)
3(448 281 456)
3(327 177 326)
3(327 247 177)
3(177 247 326)
3(481 298 98)
3(481 97 298)
3(481 98 97)
3(10 121 30)
3(0 10 30)
3(480 97 96)
3(480 96 301)
3(426 425 404)
3(426 404 421)
3(273 483 65)
3(273 267 483)
3(483 267 65)
3(402 142 417)
3(140 402 417)
3(140 142 402)
3(195 403 206)
3(186 403 195)
3(186 195 206)
3(144 415 142)
3(146 142 415)
3(146 415 144)
3(400 422 413)
3(135 140 415)
3(146 415 140)
3(221 448 236)
3(411 441 417)
3(430 198 222)
3(179 222 198)
3(398 385 453)
3(452 385 398)
3(452 398 453)
3(452 453 385)
3(129 417 121)
3(166 158 434)
3(166 434 427)
3(162 158 434)
3(404 400 430)
3(356 202 484)
3(335 202 356)
3(335 356 484)
3(335 484 202)
3(404 220 191)
3(404 222 220)
3(191 220 222)
3(20 147 177)
3(331 48 467)
3(47 467 48)
3(47 331 467)
3(114 65 483)
3(483 65 370)
3(114 483 370)
3(294 311 178)
3(295 178 311)
3(294 178 295)
3(435 436 158)
3(350 455 484)
3(351 350 484)
3(351 484 455)
3(351 455 350)
3(356 234 484)
3(202 234 356)
3(202 484 234)
3(436 21 178)
3(190 178 21)
3(398 395 453)
3(395 385 453)
3(349 483 350)
3(115 350 483)
3(115 483 349)
3(208 184 445)
3(444 445 184)
3(31 171 443)
3(440 443 171)
3(32 444 441)
3(430 162 434)
3(424 162 430)
3(435 162 434)
3(435 430 162)
3(107 321 489)
3(343 489 321)
3(107 343 321)
3(107 489 343)
3(199 204 396)
3(235 199 396)
3(235 396 204)
3(235 228 196)
3(393 196 228)
3(235 196 393)
3(235 393 228)
3(124 13 213)
3(12 123 186)
3(186 195 123)
3(12 195 186)
3(226 191 404)
3(226 220 191)
3(226 191 178)
3(438 422 400)
3(424 422 438)
3(220 423 222)
3(305 459 286)
3(211 459 305)
3(211 305 286)
3(211 286 459)
3(405 438 422)
3(405 422 400)
3(438 408 422)
3(405 408 422)
3(421 425 420)
3(421 420 417)
3(425 417 420)
3(10 121 171)
3(30 171 121)
3(30 10 171)
3(426 418 442)
3(426 421 418)
3(453 395 227)
3(395 216 227)
3(453 227 216)
3(453 216 395)
3(190 206 178)
3(122 185 10)
3(122 121 185)
3(185 121 10)
3(230 443 426)
3(161 164 433)
3(161 433 160)
3(164 160 433)
3(227 453 375)
3(395 227 375)
3(287 459 286)
3(305 459 287)
3(425 443 417)
3(285 186 271)
3(285 271 12)
3(285 12 186)
3(426 418 446)
3(294 179 293)
3(294 88 179)
3(179 88 293)
3(276 176 60)
3(250 176 276)
3(250 60 176)
3(447 348 322)
3(323 322 348)
3(447 323 348)
3(447 322 323)
3(393 235 396)
3(393 394 235)
3(235 394 396)
3(291 478 249)
3(291 290 478)
3(478 290 249)
3(291 249 290)
3(323 113 348)
3(323 348 112)
3(140 417 121)
3(323 113 475)
3(475 113 348)
3(323 475 348)
3(403 420 425)
3(425 420 402)
3(403 402 420)
3(133 125 407)
3(478 320 291)
3(478 249 320)
3(320 249 291)
3(446 418 429)
3(445 418 446)
3(421 428 416)
3(438 428 421)
3(403 413 420)
3(141 403 420)
3(358 484 234)
3(358 486 484)
3(486 234 484)
3(358 234 486)
3(430 154 205)
3(478 291 299)
3(290 478 299)
3(15 221 187)
3(405 401 409)
3(164 432 160)
3(432 165 160)
3(426 418 429)
3(427 166 429)
3(427 429 434)
3(434 429 166)
3(288 54 477)
3(288 477 289)
3(54 289 477)
3(177 175 446)
3(177 147 175)
3(147 446 175)
3(144 415 419)
3(159 149 424)
3(424 149 154)
3(159 424 154)
3(288 255 477)
3(288 54 255)
3(255 54 477)
3(218 69 14)
3(269 218 14)
3(269 69 218)
3(176 169 440)
3(417 416 441)
3(459 288 477)
3(305 459 477)
3(305 477 288)
3(305 288 459)
3(185 171 121)
3(443 121 171)
3(444 184 183)
3(183 184 224)
3(255 477 459)
3(288 255 459)
3(185 10 11)
3(185 253 280)
3(185 62 253)
3(280 253 62)
3(185 459 280)
3(280 459 253)
3(185 253 459)
3(208 156 439)
3(170 184 445)
3(208 184 170)
3(280 459 211)
3(272 280 211)
3(272 211 459)
3(272 459 280)
3(34 174 446)
3(34 173 174)
3(111 27 182)
3(27 322 182)
3(111 182 322)
3(434 427 426)
3(434 426 429)
3(111 27 346)
3(111 346 182)
3(230 175 446)
3(177 175 230)
3(403 123 139)
3(403 122 123)
3(403 139 122)
3(255 265 459)
3(255 477 265)
3(265 477 459)
3(176 169 189)
3(32 31 171)
3(414 407 235)
3(408 407 414)
3(31 32 169)
3(210 407 235)
3(210 414 407)
3(265 217 260)
3(265 263 217)
3(217 263 260)
3(402 420 417)
3(371 388 450)
3(100 450 388)
3(188 126 17)
3(17 126 197)
3(188 17 197)
3(188 16 126)
3(126 16 409)
3(16 17 188)
3(136 16 409)
3(403 130 139)
3(469 237 279)
3(469 279 275)
3(469 275 237)
3(266 459 255)
3(266 265 459)
3(452 269 385)
3(452 218 269)
3(269 218 385)
3(419 405 406)
3(419 422 405)
3(405 422 406)
3(36 1 29)
3(254 78 277)
3(254 64 78)
3(254 277 64)
3(450 389 454)
3(389 388 454)
3(450 388 389)
3(450 454 388)
3(407 235 196)
3(407 196 210)
3(196 235 210)
3(453 391 398)
3(453 398 480)
3(480 398 391)
3(454 456 448)
3(454 392 456)
3(448 456 392)
3(454 448 392)
3(229 228 433)
3(229 207 228)
3(122 121 402)
3(122 402 185)
3(172 173 443)
3(172 230 173)
3(266 459 248)
3(255 248 459)
3(177 20 175)
3(236 433 225)
3(229 433 236)
3(244 467 47)
3(244 47 464)
3(47 467 464)
3(244 464 467)
3(243 184 258)
3(184 244 258)
3(243 244 184)
3(426 190 425)
3(217 190 426)
3(201 218 14)
3(130 124 413)
3(404 190 425)
3(150 181 410)
3(244 467 245)
3(245 467 47)
3(466 175 465)
3(466 465 174)
3(465 175 174)
3(466 174 175)
3(466 175 467)
3(465 467 175)
3(466 467 465)
3(150 182 432)
3(410 182 150)
3(410 150 432)
3(150 182 155)
3(489 486 487)
3(489 485 486)
3(489 487 485)
3(485 487 486)
3(480 97 379)
3(200 322 28)
3(334 322 200)
3(334 200 28)
3(472 238 239)
3(472 264 238)
3(16 136 212)
3(16 212 15)
3(454 456 228)
3(448 454 228)
3(448 228 456)
3(150 182 27)
3(27 182 155)
3(150 182 181)
3(150 181 27)
3(311 178 191)
3(191 178 294)
3(311 191 294)
3(161 164 424)
3(161 159 424)
3(426 427 436)
3(426 177 217)
3(426 217 230)
3(177 230 217)
3(36 446 175)
3(10 185 171)
3(172 443 33)
3(172 33 32)
3(146 411 131)
3(146 131 405)
3(146 405 411)
3(406 143 136)
3(438 434 421)
3(403 421 420)
3(403 413 421)
3(421 413 420)
3(222 232 430)
3(423 232 222)
3(141 139 403)
3(122 403 11)
3(173 443 33)
3(172 173 33)
3(137 122 402)
3(139 402 122)
3(405 144 419)
3(419 144 406)
3(421 415 417)
3(421 404 413)
3(188 337 336)
3(360 188 336)
3(360 337 188)
3(405 415 144)
3(146 405 144)
3(146 415 405)
3(425 417 402)
3(323 447 324)
3(324 447 330)
3(323 330 447)
3(421 426 434)
3(425 190 403)
3(421 416 415)
3(405 421 415)
3(417 421 416)
3(447 472 231)
3(447 451 472)
3(447 231 451)
3(472 451 231)
3(405 415 419)
3(214 274 17)
3(83 214 17)
3(83 274 214)
3(469 367 340)
3(469 339 367)
3(469 340 339)
3(202 234 225)
3(400 422 419)
3(30 176 19)
3(417 442 416)
3(487 490 489)
3(488 487 489)
3(488 489 490)
3(488 490 487)
3(224 169 463)
3(169 183 463)
3(224 463 183)
3(440 171 121)
3(303 191 293)
3(294 293 191)
3(294 191 303)
3(231 418 224)
3(208 231 224)
3(177 319 21)
3(21 319 190)
3(177 190 319)
3(64 51 78)
3(441 418 224)
3(441 418 444)
3(444 33 183)
3(444 184 33)
3(183 33 184)
3(193 433 219)
3(175 35 446)
3(36 35 175)
3(170 184 34)
3(34 184 445)
3(170 34 445)
3(444 32 183)
3(183 32 33)
3(446 35 34)
3(35 445 34)
3(12 13 213)
3(229 433 219)
3(193 229 219)
3(229 234 219)
3(215 307 452)
3(215 282 307)
3(215 452 282)
3(227 453 205)
3(227 205 375)
3(205 453 375)
3(312 190 296)
3(306 190 312)
3(306 296 190)
3(447 472 240)
3(447 240 261)
3(192 24 205)
3(170 445 35)
3(170 35 36)
3(224 189 463)
3(169 463 189)
3(235 396 390)
3(235 390 393)
3(221 196 382)
3(221 382 187)
3(382 196 187)
3(175 174 446)
3(174 35 446)
3(175 35 174)
3(230 175 174)
3(453 391 395)
3(226 311 191)
3(302 226 191)
3(302 311 226)
3(222 232 308)
3(222 304 232)
3(222 308 304)
3(406 133 143)
3(406 143 138)
3(133 136 406)
3(229 228 236)
3(232 307 215)
3(215 307 308)
3(419 138 144)
3(406 144 138)
3(462 31 251)
3(251 31 461)
3(462 461 31)
3(462 251 461)
3(203 233 339)
3(214 339 233)
3(224 189 257)
3(189 463 257)
3(288 53 255)
3(181 27 26)
3(227 204 437)
3(204 210 437)
3(227 210 204)
3(424 154 437)
3(430 437 154)
3(424 430 154)
3(31 171 461)
3(171 32 461)
3(31 461 32)
3(437 424 149)
3(437 149 154)
3(456 389 454)
3(456 450 389)
3(456 454 450)
3(389 454 392)
3(389 392 456)
3(263 253 217)
3(263 217 172)
3(263 172 253)
3(217 253 172)
3(190 177 217)
3(460 10 61)
3(460 62 10)
3(460 61 62)
3(197 209 188)
3(27 182 28)
3(408 235 433)
3(136 408 133)
3(408 234 410)
3(258 243 463)
3(184 463 243)
3(184 258 463)
3(268 221 382)
3(15 382 221)
3(15 221 268)
3(15 268 382)
3(227 204 192)
3(424 154 162)
3(490 449 487)
3(489 449 490)
3(489 487 449)
3(199 437 424)
3(198 232 430)
3(222 232 198)
3(38 340 237)
3(237 340 341)
3(38 237 341)
3(441 442 416)
3(213 215 270)
3(283 213 270)
3(283 270 215)
3(283 215 213)
3(411 214 127)
3(483 484 350)
3(483 350 455)
3(483 455 484)
3(237 275 85)
3(237 85 58)
3(203 275 18)
3(274 275 203)
3(274 203 18)
3(393 382 448)
3(382 196 448)
3(393 448 196)
3(393 196 382)
3(375 328 104)
3(216 414 227)
3(414 423 227)
3(198 232 205)
3(227 201 414)
3(227 216 201)
3(232 423 220)
3(204 210 235)
3(220 232 222)
3(465 457 174)
3(34 174 457)
3(34 457 465)
3(34 465 174)
3(146 143 405)
3(170 464 35)
3(244 35 464)
3(244 464 170)
3(328 205 376)
3(375 376 205)
3(210 407 187)
3(210 187 196)
3(201 210 227)
3(141 420 139)
3(228 207 454)
3(228 454 199)
3(192 24 328)
3(328 24 205)
3(389 372 454)
3(372 388 454)
3(422 134 423)
3(403 420 139)
3(422 145 134)
3(469 231 203)
3(469 203 224)
3(202 356 336)
3(202 336 335)
3(426 421 429)
3(192 104 374)
3(192 375 104)
3(192 374 375)
3(323 475 324)
3(323 447 475)
3(324 475 447)
3(327 50 247)
3(200 348 322)
3(447 200 322)
3(447 348 200)
3(435 434 158)
3(435 436 434)
3(263 457 461)
3(263 461 173)
3(457 173 461)
3(184 34 244)
3(184 244 170)
3(435 158 162)
3(435 162 153)
3(456 450 399)
3(389 399 450)
3(456 399 389)
3(441 442 418)
3(280 63 459)
3(277 280 459)
3(277 459 63)
3(185 459 211)
3(185 211 280)
3(403 139 402)
3(444 184 34)
3(34 184 33)
3(185 280 11)
3(257 469 189)
3(224 189 469)
3(257 279 469)
3(257 237 279)
3(257 469 237)
3(459 211 477)
3(217 477 211)
3(217 211 459)
3(217 459 477)
3(201 14 187)
3(224 261 264)
3(412 401 405)
3(412 416 401)
3(305 211 477)
3(34 174 35)
3(439 429 428)
3(231 472 208)
3(15 212 281)
3(15 281 221)
3(258 462 463)
3(258 463 251)
3(258 251 462)
3(214 362 197)
3(233 197 362)
3(233 362 214)
3(182 322 28)
3(200 322 182)
3(347 348 322)
3(200 348 347)
3(200 347 322)
3(447 231 208)
3(447 208 200)
3(447 200 231)
3(200 439 156)
3(156 439 155)
3(368 369 451)
3(368 223 369)
3(369 223 451)
3(368 451 223)
3(347 368 223)
3(368 366 223)
3(347 223 366)
3(393 392 448)
3(438 431 433)
3(150 432 160)
3(13 270 213)
3(349 483 484)
3(195 284 213)
3(213 284 12)
3(195 12 284)
3(178 311 226)
3(206 311 178)
3(346 182 347)
3(111 347 182)
3(112 322 348)
3(321 333 207)
3(321 207 26)
3(333 26 207)
3(215 308 282)
3(283 215 282)
3(283 308 215)
3(276 176 19)
3(19 176 60)
3(473 41 42)
3(202 80 273)
3(202 273 335)
3(335 273 80)
3(202 335 80)
3(270 282 73)
3(270 73 283)
3(270 283 282)
3(484 356 358)
3(233 362 223)
3(362 369 223)
3(233 223 369)
3(233 369 362)
3(351 363 484)
3(257 279 189)
3(279 469 189)
3(266 459 254)
3(254 459 248)
3(453 205 232)
3(453 232 227)
3(257 58 279)
3(294 22 178)
3(191 22 294)
3(266 459 253)
3(254 253 459)
3(224 264 259)
3(272 287 77)
3(272 78 287)
3(173 461 172)
3(173 33 461)
3(461 33 172)
3(312 178 190)
3(312 190 206)
3(312 206 178)
3(0 460 458)
3(30 458 460)
3(0 30 460)
3(485 352 488)
3(485 488 489)
3(488 352 489)
3(89 22 294)
3(294 22 88)
3(232 452 215)
3(232 307 452)
3(268 448 281)
3(268 267 448)
3(281 448 267)
3(263 230 260)
3(246 260 230)
3(243 46 325)
3(243 325 468)
3(243 468 46)
3(468 325 46)
3(9 355 449)
3(120 9 449)
3(120 449 355)
3(376 453 482)
3(376 482 391)
3(453 391 482)
3(376 391 453)
3(312 178 311)
3(295 178 312)
3(447 474 475)
3(447 475 476)
3(447 476 474)
3(475 474 476)
3(184 462 183)
3(463 462 184)
3(463 183 462)
3(463 184 183)
3(316 298 86)
3(316 86 99)
3(319 478 296)
3(190 319 296)
3(190 478 319)
3(190 296 478)
3(256 290 249)
3(478 290 256)
3(478 256 249)
3(171 252 62)
3(171 460 252)
3(171 62 460)
3(460 62 252)
3(1 175 331)
3(331 175 20)
3(280 211 11)
3(486 450 489)
3(486 487 450)
3(450 487 489)
3(339 84 275)
3(274 84 339)
3(274 339 275)
3(453 482 205)
3(376 205 482)
3(453 205 376)
3(347 112 322)
3(455 370 381)
3(399 370 455)
3(481 380 98)
3(298 98 380)
3(298 380 481)
3(292 298 479)
3(298 304 479)
3(256 265 477)
3(265 260 477)
3(256 477 260)
3(250 463 189)
3(250 176 463)
3(250 189 176)
3(189 463 176)
3(469 279 203)
3(469 203 275)
3(279 275 203)
3(477 478 217)
3(190 477 217)
3(190 478 477)
3(190 217 478)
3(26 181 109)
3(181 27 109)
3(310 286 186)
3(211 186 286)
3(310 211 286)
3(310 186 211)
3(379 481 380)
3(379 98 481)
3(106 99 316)
3(316 99 7)
3(34 33 457)
3(173 457 33)
3(34 457 173)
3(481 391 380)
3(482 380 391)
3(481 482 391)
3(481 380 482)
3(45 325 243)
3(285 286 186)
3(295 22 89)
3(295 89 318)
3(295 318 22)
3(107 100 449)
3(107 449 321)
3(107 9 449)
3(100 449 9)
3(119 490 355)
3(119 120 490)
3(120 355 490)
3(469 367 341)
3(469 341 340)
3(355 352 490)
3(119 490 352)
3(178 296 318)
3(295 318 296)
3(295 296 178)
3(295 178 318)
3(180 374 396)
3(204 180 396)
3(204 374 180)
3(204 396 374)
3(371 120 490)
3(119 371 490)
3(195 309 206)
3(195 226 309)
3(243 242 325)
3(45 325 242)
3(450 207 321)
3(450 333 207)
3(450 321 333)
3(243 325 208)
3(468 208 325)
3(243 208 468)
3(334 447 200)
3(334 322 447)
3(92 319 299)
3(299 319 91)
3(287 286 272)
3(272 286 77)
3(169 463 462)
3(169 176 463)
3(41 471 40)
3(239 40 471)
3(191 303 222)
3(222 303 220)
3(229 456 454)
3(229 454 450)
3(243 242 208)
3(325 208 242)
3(450 399 486)
3(456 486 399)
3(447 241 324)
3(324 241 330)
3(447 330 241)
3(389 450 371)
3(295 294 22)
3(295 22 178)
3(262 461 263)
3(262 457 461)
3(34 457 184)
3(457 244 184)
3(34 244 457)
3(12 270 213)
3(305 477 190)
3(306 305 190)
3(306 190 477)
3(306 477 305)
3(211 272 286)
3(278 215 269)
3(452 278 269)
3(452 215 278)
3(452 269 215)
3(222 191 293)
3(303 222 293)
3(255 477 256)
3(190 211 477)
3(265 459 253)
3(327 177 332)
3(177 326 332)
3(198 205 453)
3(198 453 482)
3(198 482 205)
3(368 200 347)
3(200 223 347)
3(368 223 200)
3(477 260 217)
3(260 478 217)
3(477 478 260)
3(13 215 269)
3(67 187 382)
3(67 383 187)
3(382 187 383)
3(207 193 321)
3(199 373 314)
3(199 314 372)
3(372 314 373)
3(217 477 265)
3(272 459 286)
3(287 459 272)
3(76 271 286)
3(271 77 286)
3(268 382 381)
3(268 381 66)
3(268 66 382)
3(217 265 253)
3(235 394 210)
3(235 204 394)
3(210 394 204)
3(213 270 74)
3(283 74 270)
3(213 74 283)
3(213 226 284)
3(195 284 226)
3(285 286 271)
3(395 201 216)
3(395 385 201)
3(201 385 216)
3(395 216 385)
3(307 300 452)
3(394 210 384)
3(210 383 384)
3(394 383 210)
3(263 217 230)
3(263 230 172)
3(180 103 24)
3(324 113 475)
3(259 224 243)
3(261 243 224)
3(259 261 224)
3(397 210 384)
3(397 394 210)
3(361 194 366)
3(361 365 194)
3(365 366 194)
3(74 213 12)
3(384 397 201)
3(210 384 201)
3(210 201 397)
3(21 318 178)
3(21 178 296)
3(21 296 318)
3(23 315 198)
3(329 198 315)
3(23 198 329)
3(179 191 293)
3(222 179 293)
3(221 448 382)
3(221 196 448)
3(104 192 24)
3(104 328 192)
3(192 24 374)
3(104 374 24)
3(279 203 189)
3(203 469 189)
3(395 397 201)
3(384 395 201)
3(42 476 354)
3(473 354 476)
3(42 354 473)
3(397 395 227)
3(397 227 375)
3(373 180 374)
3(373 396 180)
3(201 218 69)
3(201 69 14)
3(35 36 464)
3(170 464 36)
3(490 449 371)
3(490 371 487)
3(371 449 487)
3(387 351 386)
3(117 386 351)
3(117 351 387)
3(361 223 197)
3(362 197 223)
3(362 223 361)
3(362 361 197)
3(468 29 170)
3(170 29 464)
3(468 170 464)
3(468 464 29)
3(203 18 279)
3(268 221 448)
3(268 448 382)
3(80 16 202)
3(447 451 474)
3(447 473 451)
3(473 474 451)
3(447 474 473)
3(362 223 368)
3(362 366 223)
3(453 198 232)
3(457 184 33)
3(219 181 491)
3(359 181 219)
3(194 181 491)
3(219 194 491)
3(103 180 374)
3(188 337 81)
3(450 387 399)
3(450 389 387)
3(452 72 278)
3(452 278 282)
3(278 72 282)
3(395 227 201)
3(227 397 201)
3(171 185 62)
3(185 252 62)
3(171 252 185)
3(254 287 78)
3(254 78 51)
3(254 51 287)
3(338 17 214)
3(338 214 197)
3(338 197 17)
3(19 276 189)
3(276 176 189)
3(30 460 31)
3(460 171 31)
3(30 171 460)
3(214 274 18)
3(118 488 351)
3(488 352 351)
3(118 352 488)
3(268 221 281)
3(287 459 248)
3(254 459 287)
3(254 287 248)
3(313 454 388)
3(450 313 388)
3(450 454 313)
3(283 213 220)
3(283 302 213)
3(283 220 302)
3(335 363 484)
3(356 484 363)
3(288 248 287)
3(288 459 248)
3(288 287 459)
3(303 222 304)
3(222 293 304)
3(454 229 228)
3(229 456 228)
3(52 248 288)
3(53 288 248)
3(74 213 284)
3(74 284 12)
3(479 482 292)
3(198 482 479)
3(198 292 482)
3(178 190 296)
3(312 178 296)
3(465 466 457)
3(466 245 457)
3(465 245 466)
3(320 291 299)
3(320 299 478)
3(54 477 256)
3(486 485 358)
3(358 485 484)
3(486 484 485)
3(450 387 486)
3(387 399 486)
3(342 42 476)
3(342 476 354)
3(15 67 187)
3(15 187 382)
3(15 382 67)
3(92 320 299)
3(320 319 299)
3(46 464 244)
3(46 47 464)
3(244 457 258)
3(262 258 457)
3(262 457 244)
3(327 478 249)
3(327 249 320)
3(327 320 478)
3(52 248 287)
3(468 46 244)
3(468 244 243)
3(268 448 381)
3(472 470 473)
3(471 470 472)
3(471 473 470)
3(466 230 177)
3(466 177 175)
3(466 175 230)
3(107 449 489)
3(321 489 449)
3(184 457 258)
3(320 50 291)
3(320 249 50)
3(50 249 291)
3(172 173 263)
3(461 172 263)
3(324 476 241)
3(447 476 324)
3(447 241 476)
3(453 198 479)
3(232 479 198)
3(250 463 257)
3(389 454 390)
3(390 454 392)
3(457 462 33)
3(462 184 33)
3(457 184 462)
3(100 388 313)
3(313 388 101)
3(454 388 314)
3(313 314 388)
3(316 292 482)
3(329 316 482)
3(329 292 316)
3(329 482 292)
3(330 45 242)
3(330 242 44)
3(457 461 33)
3(457 462 461)
3(462 33 461)
3(482 316 315)
3(482 106 316)
3(316 292 298)
3(298 292 482)
3(316 298 482)
3(244 468 464)
3(468 46 464)
3(472 451 470)
3(469 472 470)
3(469 470 451)
3(469 451 472)
3(353 471 354)
3(470 354 471)
3(470 353 354)
3(199 180 396)
3(67 187 68)
3(15 68 187)
3(329 315 482)
3(37 340 237)
3(483 65 79)
3(483 79 273)
3(278 270 282)
3(278 282 73)
3(210 187 384)
3(383 187 210)
3(383 384 187)
3(177 478 332)
3(177 332 319)
3(177 319 478)
3(478 319 332)
3(317 198 23)
3(317 23 179)
3(317 179 198)
3(114 65 79)
3(114 79 483)
3(455 386 483)
3(370 455 483)
3(370 386 455)
3(192 204 374)
3(180 192 374)
3(174 173 466)
3(174 466 230)
3(455 483 267)
3(455 381 483)
3(455 267 381)
3(483 381 267)
3(339 203 275)
3(339 469 203)
3(339 275 469)
3(39 353 238)
3(353 40 238)
3(251 463 250)
3(251 250 176)
3(384 385 201)
3(353 471 40)
3(354 40 471)
3(288 255 248)
3(477 256 290)
3(290 256 289)
3(477 289 256)
3(477 290 289)
3(251 458 176)
3(60 176 458)
3(60 458 251)
3(60 251 176)
3(386 117 350)
3(171 10 62)
3(468 325 29)
3(468 29 46)
3(353 341 469)
3(472 238 471)
3(239 471 238)
3(23 315 205)
3(315 198 205)
3(92 320 291)
3(246 245 466)
3(48 466 245)
3(201 69 385)
3(384 69 201)
3(71 452 70)
3(377 452 71)
3(384 201 187)
3(75 285 271)
3(12 285 75)
3(361 338 188)
3(337 188 338)
3(337 361 188)
3(242 325 330)
3(330 325 447)
3(242 330 447)
3(242 447 325)
3(1 464 46)
3(1 47 464)
3(195 285 206)
3(206 285 309)
3(195 309 285)
3(303 308 220)
3(302 220 308)
3(347 366 182)
3(217 260 230)
3(217 177 260)
3(177 230 260)
3(452 216 215)
3(218 452 215)
3(301 298 481)
3(452 480 307)
3(452 307 479)
3(479 307 480)
3(452 479 480)
3(301 479 481)
3(301 298 479)
3(298 481 479)
3(106 380 316)
3(295 90 318)
3(107 355 449)
3(199 372 454)
3(390 454 372)
3(199 454 390)
3(229 207 454)
3(178 22 318)
3(489 352 355)
3(489 355 343)
3(487 488 387)
3(487 371 488)
3(487 387 371)
3(371 387 488)
3(222 308 220)
3(222 303 308)
3(328 315 205)
3(23 328 205)
3(312 310 190)
3(306 190 310)
3(30 176 458)
3(19 458 176)
3(468 208 170)
3(468 29 208)
3(206 312 311)
3(206 309 312)
3(338 83 214)
3(195 186 285)
3(12 195 285)
3(312 310 206)
3(478 299 306)
3(478 306 290)
3(16 212 281)
3(236 456 228)
3(316 292 86)
3(314 25 207)
3(207 25 333)
3(477 289 305)
3(448 267 381)
3(448 456 267)
3(448 381 456)
3(456 381 267)
3(259 243 463)
3(258 259 463)
3(474 447 348)
3(447 451 348)
3(474 348 451)
3(482 329 198)
3(482 198 315)
3(217 185 459)
3(324 241 4)
3(324 44 241)
3(200 348 368)
3(328 376 315)
3(376 105 315)
3(298 479 482)
3(376 315 205)
3(466 457 174)
3(199 314 25)
3(261 242 208)
3(261 208 243)
3(270 215 282)
3(302 226 309)
3(302 284 226)
3(309 226 284)
3(307 479 304)
3(232 304 479)
3(232 479 307)
3(201 218 385)
3(218 69 385)
3(207 454 450)
3(478 247 260)
3(177 260 247)
3(478 260 177)
3(478 177 247)
3(187 68 201)
3(384 201 68)
3(384 68 187)
3(217 459 253)
3(217 265 459)
3(0 460 61)
3(460 458 61)
3(0 61 458)
3(76 271 285)
3(317 198 329)
3(190 296 21)
3(256 290 56)
3(56 290 249)
3(26 344 109)
3(181 109 344)
3(26 181 344)
3(184 468 244)
3(243 468 184)
3(447 473 472)
3(472 473 451)
3(252 253 172)
3(185 172 253)
3(252 185 253)
3(252 172 185)
3(338 362 197)
3(214 362 338)
3(254 277 287)
3(254 459 277)
3(287 277 459)
3(343 489 193)
3(321 193 489)
3(321 343 193)
3(452 480 453)
3(478 332 327)
3(478 327 177)
3(108 26 344)
3(364 470 367)
3(364 353 470)
3(319 299 296)
3(319 478 299)
3(299 478 296)
3(340 84 275)
3(340 275 339)
3(246 230 177)
3(246 177 466)
3(1 464 29)
3(46 29 464)
3(466 331 467)
3(331 175 467)
3(466 175 331)
3(343 486 489)
3(343 485 486)
3(206 310 309)
3(320 3 291)
3(291 3 50)
3(486 489 193)
3(343 486 193)
3(450 489 193)
3(486 450 193)
3(331 48 466)
3(466 48 467)
3(180 374 24)
3(103 24 374)
3(475 474 348)
3(342 475 348)
3(342 348 474)
3(342 474 475)
3(287 277 78)
3(272 277 287)
3(452 72 269)
3(450 321 193)
3(450 489 321)
3(343 486 358)
3(486 193 358)
3(343 358 193)
3(13 218 269)
3(218 215 269)
3(292 198 293)
3(304 293 198)
3(197 338 188)
3(361 197 188)
3(361 338 197)
3(486 225 484)
3(486 234 225)
3(225 234 484)
3(480 481 379)
3(481 97 379)
3(30 458 31)
3(197 194 361)
3(197 361 209)
3(361 194 209)
3(361 223 194)
3(301 307 479)
3(301 479 304)
3(366 223 194)
3(366 361 223)
3(86 329 292)
3(327 247 249)
3(478 249 247)
3(327 478 247)
3(327 249 50)
3(465 244 467)
3(465 467 245)
3(470 451 354)
3(364 470 354)
3(364 354 451)
3(364 451 470)
3(314 25 373)
3(268 267 381)
3(181 109 345)
3(317 22 179)
3(466 245 263)
3(372 454 314)
3(368 451 364)
3(364 451 357)
3(14 68 201)
3(187 68 14)
3(383 187 68)
3(391 379 481)
3(455 386 350)
3(350 386 483)
3(483 381 370)
3(483 65 381)
3(273 455 483)
3(228 448 393)
3(228 390 448)
3(393 448 390)
3(228 393 390)
3(31 176 458)
3(364 369 451)
3(228 448 196)
3(393 235 210)
3(393 210 196)
3(345 27 181)
3(376 380 482)
3(380 106 482)
3(371 387 450)
3(202 336 209)
3(188 209 336)
3(359 491 356)
3(360 491 359)
3(358 219 234)
3(358 359 219)
3(17 337 81)
3(17 81 188)
3(17 188 337)
3(383 187 196)
3(383 196 210)
3(221 228 448)
3(485 484 351)
3(358 485 351)
3(358 351 484)
3(100 313 450)
3(313 321 450)
3(0 460 10)
3(472 240 473)
3(447 473 240)
3(473 354 474)
3(474 354 476)
3(473 474 476)
3(324 43 4)
3(324 241 43)
3(261 242 447)
3(447 242 208)
3(479 453 482)
3(334 200 208)
3(334 208 28)
3(453 481 482)
3(213 284 283)
3(485 455 351)
3(485 484 455)
3(300 480 307)
3(462 183 33)
3(251 458 61)
3(251 61 460)
3(184 170 468)
3(184 468 208)
3(36 464 1)
3(1 464 467)
3(36 467 464)
3(36 1 467)
3(356 209 336)
3(360 336 209)
3(171 460 461)
3(252 461 460)
3(252 171 461)
3(232 304 198)
3(253 63 459)
3(280 63 253)
3(184 462 258)
3(462 457 258)
3(90 318 296)
3(31 251 176)
3(472 469 238)
3(324 43 113)
3(82 337 17)
3(338 17 337)
3(17 338 188)
3(234 491 356)
3(179 198 293)
3(317 293 198)
3(179 293 317)
3(107 355 489)
3(489 355 449)
3(224 243 463)
3(193 219 486)
3(358 219 193)
3(358 486 219)
3(483 484 273)
3(483 273 349)
3(349 273 484)
3(455 351 386)
3(387 455 386)
3(387 351 455)
3(202 356 209)
3(387 485 488)
3(487 488 485)
3(387 487 485)
3(330 334 447)
3(334 325 447)
3(296 319 91)
3(171 10 460)
3(334 447 208)
3(478 249 260)
3(465 35 464)
3(465 464 244)
3(324 43 476)
3(324 475 43)
3(324 476 475)
3(475 476 43)
3(458 60 61)
3(458 0 60)
3(217 185 253)
3(460 61 252)
3(350 351 386)
3(267 66 381)
3(267 381 65)
3(456 392 381)
3(199 396 390)
3(235 199 390)
3(323 334 447)
3(302 284 213)
3(360 491 365)
3(334 325 208)
3(208 325 447)
3(177 21 332)
3(177 332 20)
3(292 87 329)
3(447 348 475)
3(254 63 459)
3(252 263 172)
3(397 204 227)
3(397 227 210)
3(397 210 204)
3(318 296 319)
3(318 91 296)
3(120 490 449)
3(371 120 449)
3(325 208 29)
3(28 208 325)
3(387 488 351)
3(118 488 387)
3(118 387 351)
3(108 344 321)
3(343 108 321)
3(343 321 344)
3(39 238 341)
3(38 341 238)
3(85 340 237)
3(37 85 237)
3(202 273 484)
3(335 484 273)
3(212 484 202)
3(225 484 212)
3(225 212 456)
3(225 456 484)
3(192 204 397)
3(192 397 374)
3(397 204 374)
3(379 480 391)
3(296 319 21)
3(222 304 198)
3(193 229 486)
3(229 219 486)
3(298 380 482)
3(481 298 482)
3(191 179 294)
3(294 179 22)
3(241 330 44)
3(478 290 477)
3(478 477 256)
3(485 351 488)
3(485 352 351)
3(20 466 326)
3(20 177 466)
3(20 326 177)
3(177 326 466)
3(182 366 223)
3(111 322 347)
3(387 485 351)
3(331 466 326)
3(20 466 331)
3(215 278 282)
3(482 380 316)
3(488 118 119)
3(488 119 352)
3(69 68 201)
3(192 227 397)
3(32 172 461)
3(32 461 33)
3(85 37 58)
3(83 339 274)
3(397 192 375)
3(375 192 227)
3(85 340 275)
3(237 275 340)
3(225 484 202)
3(32 462 183)
3(32 33 462)
3(228 448 236)
3(382 383 196)
3(393 196 383)
3(241 330 242)
3(451 470 473)
3(353 238 341)
3(245 467 48)
3(188 81 16)
3(16 81 202)
3(283 215 220)
3(359 344 219)
3(471 40 238)
3(250 463 259)
3(195 284 285)
3(309 284 195)
3(285 12 284)
3(12 284 75)
3(469 237 340)
3(469 341 237)
3(476 241 43)
3(55 256 289)
3(290 256 55)
3(387 455 485)
3(486 387 485)
3(486 485 455)
3(486 455 387)
3(464 29 36)
3(246 49 326)
3(246 326 247)
3(394 204 374)
3(394 397 204)
3(47 467 1)
3(222 198 293)
3(392 399 456)
3(455 399 387)
3(455 386 399)
3(71 269 452)
3(71 452 72)
3(488 371 490)
3(488 119 371)
3(488 490 119)
3(54 256 289)
3(269 452 70)
3(357 348 474)
3(342 357 474)
3(315 205 482)
3(200 447 451)
3(200 451 348)
3(291 249 57)
3(291 56 249)
3(246 177 260)
3(246 247 177)
3(478 332 320)
3(258 250 463)
3(31 460 461)
3(20 175 466)
3(93 72 452)
3(71 72 93)
3(472 471 469)
3(100 449 120)
3(345 27 109)
3(489 490 352)
3(488 352 490)
3(372 388 314)
3(355 489 490)
3(71 452 93)
3(170 468 244)
3(42 476 43)
3(342 43 476)
3(251 460 461)
3(234 209 356)
3(234 491 209)
3(42 476 241)
3(292 198 329)
3(292 317 198)
3(292 329 317)
3(200 182 347)
3(347 182 223)
3(469 233 203)
3(469 231 233)
3(224 184 463)
3(456 486 225)
3(114 483 115)
3(60 19 458)
3(483 79 349)
3(469 470 369)
3(469 369 451)
3(470 451 369)
3(367 369 469)
3(367 470 369)
3(1 175 467)
3(1 467 331)
3(369 233 469)
3(469 233 451)
3(369 451 233)
3(451 354 473)
3(354 470 473)
3(469 233 339)
3(339 469 369)
3(339 369 233)
3(179 22 88)
3(251 252 461)
3(251 460 252)
3(231 233 451)
3(469 231 451)
3(174 465 35)
3(465 175 35)
3(354 474 451)
3(478 320 319)
3(306 478 296)
3(478 306 190)
3(478 477 306)
3(469 275 340)
3(177 478 217)
3(216 385 453)
3(478 177 190)
3(199 373 396)
3(173 174 457)
3(234 219 486)
3(229 234 486)
3(363 484 358)
3(449 355 490)
3(450 454 333)
3(450 333 313)
3(358 193 344)
3(343 344 193)
3(373 25 102)
3(262 461 252)
3(263 252 461)
3(214 339 83)
3(214 338 339)
3(202 336 80)
3(462 457 262)
3(462 262 258)
3(347 322 182)
3(469 238 341)
3(80 81 202)
3(194 365 491)
3(251 262 461)
3(474 451 357)
3(474 357 354)
3(357 451 354)
3(342 475 476)
3(487 450 387)
3(487 387 486)
3(447 473 476)
3(447 476 240)
3(272 459 277)
3(50 57 291)
3(371 450 487)
3(450 449 487)
3(365 361 491)
3(360 491 361)
3(317 88 179)
3(169 183 462)
3(339 362 214)
3(339 233 362)
3(228 454 390)
3(228 390 199)
3(317 293 292)
3(209 188 361)
3(301 307 480)
3(479 301 480)
3(358 219 344)
3(317 88 293)
3(114 483 349)
3(335 484 349)
3(194 361 491)
3(314 102 373)
3(209 188 360)
3(209 360 361)
3(360 188 361)
3(30 10 460)
3(465 36 464)
3(35 36 465)
3(474 342 476)
3(474 354 342)
3(372 314 102)
3(290 477 306)
3(209 361 491)
3(194 209 491)
3(465 467 464)
3(36 467 465)
3(462 32 169)
3(462 31 32)
3(254 63 277)
3(209 491 219)
3(171 461 172)
3(252 172 461)
3(171 172 252)
3(229 225 486)
3(118 488 371)
3(382 268 67)
3(175 467 36)
3(454 448 390)
3(390 448 392)
3(41 354 471)
3(473 471 354)
3(473 354 41)
3(450 449 489)
3(306 289 477)
3(481 453 479)
3(480 481 479)
3(480 479 453)
3(52 254 287)
3(478 260 256)
3(223 233 451)
3(231 223 451)
3(465 175 36)
3(200 231 451)
3(393 394 210)
3(394 396 204)
3(240 476 241)
3(481 482 479)
3(317 292 87)
3(283 308 220)
3(228 390 235)
3(237 341 238)
3(301 300 480)
3(246 177 326)
3(466 245 467)
3(461 32 462)
3(200 451 368)
3(317 293 87)
3(200 223 451)
3(101 314 388)
3(364 470 369)
3(393 383 210)
3(372 101 314)
3(455 399 486)
3(262 461 462)
3(262 462 251)
3(152 20 21)
3(95 378 96)
3(95 96 300)
3(398 379 378)
3(148 158 152)
3(145 134 132)
3(96 378 379)
3(23 24 154)
3(153 23 154)
3(161 149 25)
3(378 377 398)
3(153 154 162)
3(152 163 147)
3(149 154 24)
3(141 144 145)
3(130 145 132)
3(166 167 163)
3(94 300 297)
3(14 13 134)
3(386 115 116)
3(350 116 115)
3(161 25 26)
3(95 377 378)
3(94 377 95)
3(94 95 300)
3(25 149 24)
3(168 166 162)
3(93 94 297)
3(147 151 1)
3(94 93 377)
3(125 15 14)
3(12 271 11)
3(280 62 10)
3(240 242 241)
3(279 276 59)
3(276 279 18)
3(115 386 370)
3(12 123 124)
3(313 333 314)
3(150 155 157)
3(261 239 264)
3(356 359 358)
3(157 155 156)
3(29 156 28)
3(29 151 156)
3(163 156 151)
3(267 281 273)
3(150 157 165)
3(261 240 239)
3(121 140 137)
3(282 72 297)
3(385 377 70)
3(148 153 158)
3(148 21 22)
3(18 128 19)
3(129 19 128)
3(345 344 359)
3(237 264 238)
3(133 136 15)
3(23 153 22)
3(279 58 275)
3(163 167 156)
3(131 126 136)
3(59 276 60)
3(59 60 250)
3(131 127 126)
3(130 124 123)
3(137 142 139)
3(153 148 22)
3(335 349 79)
3(49 327 326)
3(164 168 159)
3(163 151 147)
3(13 132 134)
3(130 141 145)
3(138 125 134)
3(141 142 144)
3(262 263 245)
3(148 152 21)
3(150 160 26)
3(128 127 135)
3(0 129 121)
3(307 282 297)
3(303 311 302)
3(138 133 125)
3(157 156 167)
3(152 158 166)
3(368 357 348)
3(155 28 156)
3(167 166 168)
3(70 69 385)
3(70 269 69)
3(350 349 363)
3(0 19 129)
3(82 17 83)
3(338 82 83)
3(18 17 127)
3(161 26 160)
3(159 168 162)
3(14 134 125)
3(375 105 376)
3(390 372 373)
3(376 395 375)
3(1 20 147)
3(135 127 131)
3(135 140 129)
3(270 13 278)
3(346 345 365)
3(382 381 392)
3(152 166 163)
3(346 110 345)
3(307 304 308)
3(128 135 129)
3(131 136 143)
3(41 239 240)
3(167 164 165)
3(342 43 113)
3(343 352 358)
3(127 128 18)
3(298 97 98)
3(0 121 10)
3(301 96 97)
3(273 65 267)
3(146 144 142)
3(146 140 135)
3(162 166 158)
3(152 147 20)
3(47 48 331)
3(114 370 65)
3(294 295 311)
3(398 385 395)
3(115 349 350)
3(124 132 13)
3(12 11 123)
3(122 10 121)
3(161 160 164)
3(305 287 286)
3(294 293 88)
3(393 396 394)
3(112 348 113)
3(323 112 113)
3(129 140 121)
3(133 15 125)
3(290 299 291)
3(164 160 165)
3(288 289 54)
3(159 154 149)
3(269 14 69)
3(122 11 10)
3(111 322 27)
3(111 27 110)
3(111 110 346)
3(139 123 122)
3(265 260 263)
3(371 100 388)
3(126 17 16)
3(126 16 136)
3(130 123 139)
3(266 255 265)
3(146 142 140)
3(29 1 151)
3(78 64 277)
3(266 248 255)
3(243 258 244)
3(130 132 124)
3(244 245 47)
3(157 167 165)
3(96 379 97)
3(334 28 322)
3(239 238 264)
3(16 15 136)
3(150 27 155)
3(161 164 159)
3(161 159 149)
3(135 131 146)
3(130 139 141)
3(137 139 122)
3(360 336 337)
3(122 123 11)
3(323 324 330)
3(83 17 274)
3(367 339 340)
3(294 303 293)
3(78 51 2)
3(64 2 51)
3(64 78 2)
3(124 13 12)
3(306 312 296)
3(393 390 396)
3(122 121 137)
3(142 137 140)
3(398 395 391)
3(133 138 143)
3(133 143 136)
3(144 138 145)
3(144 143 138)
3(53 54 255)
3(288 54 53)
3(150 26 27)
3(164 167 168)
3(61 10 62)
3(17 126 127)
3(155 27 28)
3(159 162 154)
3(38 341 340)
3(85 275 58)
3(274 18 275)
3(104 328 105)
3(375 104 105)
3(146 131 143)
3(141 139 142)
3(389 388 372)
3(138 134 145)
3(356 335 336)
3(375 374 104)
3(247 50 49)
3(327 49 50)
3(153 162 158)
3(277 63 280)
3(280 10 11)
3(146 143 144)
3(347 366 368)
3(393 382 392)
3(150 165 160)
3(346 347 111)
3(112 323 322)
3(321 26 333)
3(283 282 308)
3(276 19 60)
3(41 240 42)
3(272 11 271)
3(283 73 282)
3(351 350 363)
3(266 254 248)
3(257 237 58)
3(266 253 254)
3(257 259 264)
3(287 78 77)
3(272 77 78)
3(89 88 22)
3(89 294 88)
3(268 281 267)
3(263 260 246)
3(307 308 282)
3(120 355 9)
3(295 312 311)
3(298 99 86)
3(1 331 20)
3(272 280 11)
3(274 275 84)
3(347 348 112)
3(399 381 370)
3(292 304 298)
3(256 260 265)
3(26 109 27)
3(379 380 98)
3(106 7 99)
3(106 316 7)
3(46 45 243)
3(46 325 45)
3(310 286 285)
3(89 22 318)
3(107 321 100)
3(107 100 9)
3(119 355 120)
3(367 340 341)
3(119 352 355)
3(119 120 371)
3(243 45 242)
3(92 91 319)
3(92 299 91)
3(287 77 286)
3(239 41 40)
3(389 371 388)
3(12 13 270)
3(255 256 265)
3(266 265 253)
3(327 332 326)
3(278 13 269)
3(89 295 294)
3(67 382 383)
3(76 286 77)
3(76 77 271)
3(382 66 381)
3(265 263 253)
3(307 297 300)
3(394 384 383)
3(103 25 24)
3(324 323 113)
3(259 243 261)
3(397 384 394)
3(361 366 365)
3(74 12 270)
3(23 329 315)
3(104 24 328)
3(384 397 395)
3(59 250 257)
3(397 375 395)
3(373 374 396)
3(117 387 386)
3(80 273 16)
3(362 368 366)
3(103 374 373)
3(81 337 336)
3(389 399 387)
3(287 51 78)
3(17 18 274)
3(118 351 352)
3(335 356 363)
3(303 304 293)
3(53 52 288)
3(53 248 52)
3(255 54 256)
3(342 354 42)
3(92 319 320)
3(46 244 47)
3(262 244 258)
3(52 287 288)
3(243 244 46)
3(398 377 385)
3(19 276 18)
3(389 390 392)
3(100 101 388)
3(100 313 101)
3(45 44 242)
3(330 44 45)
3(316 106 315)
3(15 67 68)
3(329 316 315)
3(37 38 340)
3(37 237 38)
3(273 79 65)
3(278 73 270)
3(39 238 40)
3(39 40 353)
3(384 395 385)
3(353 40 354)
3(350 117 116)
3(386 116 117)
3(46 29 325)
3(353 367 341)
3(92 291 299)
3(246 48 245)
3(384 385 69)
3(377 71 70)
3(12 75 271)
3(337 338 361)
3(1 46 47)
3(302 308 303)
3(346 366 347)
3(301 97 298)
3(74 270 73)
3(74 73 283)
3(99 380 106)
3(89 318 90)
3(295 89 90)
3(107 9 355)
3(318 22 21)
3(343 355 352)
3(23 315 328)
3(306 310 312)
3(325 330 45)
3(312 309 311)
3(290 306 299)
3(15 16 281)
3(305 310 306)
3(298 86 292)
3(314 333 25)
3(289 288 305)
3(258 243 259)
3(305 286 310)
3(4 241 44)
3(324 4 44)
3(368 348 347)
3(328 315 105)
3(261 243 242)
3(302 309 284)
3(302 311 309)
3(76 285 286)
3(23 317 329)
3(256 56 249)
3(108 344 109)
3(108 109 26)
3(364 367 353)
3(340 339 84)
3(1 29 46)
3(309 310 285)
3(320 50 3)
3(75 76 271)
3(285 76 75)
3(272 78 277)
3(269 72 278)
3(26 25 333)
3(298 98 99)
3(380 99 98)
3(304 292 293)
3(301 304 307)
3(316 329 86)
3(327 50 320)
3(247 249 50)
3(345 109 344)
3(23 22 317)
3(368 364 357)
3(383 68 67)
3(391 380 379)
3(65 370 381)
3(368 369 364)
3(27 322 28)
3(279 59 58)
3(257 58 59)
3(376 106 380)
3(389 387 371)
3(360 359 356)
3(100 321 313)
3(0 10 61)
3(4 43 241)
3(391 376 380)
3(283 284 74)
3(356 336 360)
3(279 275 18)
3(295 90 296)
3(312 310 309)
3(4 113 43)
3(324 113 4)
3(338 337 82)
3(389 372 390)
3(330 325 334)
3(299 296 91)
3(247 260 249)
3(61 60 0)
3(61 62 252)
3(65 381 66)
3(267 65 66)
3(323 330 334)
3(359 360 365)
3(20 332 21)
3(86 329 87)
3(292 86 87)
3(253 63 254)
3(252 253 263)
3(318 319 91)
3(28 325 29)
3(343 344 108)
3(39 38 238)
3(39 341 38)
3(37 340 85)
3(273 281 16)
3(23 328 24)
3(92 3 291)
3(92 320 3)
3(318 21 319)
3(324 44 330)
3(86 99 7)
3(86 7 316)
3(305 288 287)
3(111 112 322)
3(111 347 112)
3(342 113 348)
3(20 331 326)
3(312 295 296)
3(118 352 119)
3(14 68 69)
3(303 308 304)
3(37 5 58)
3(85 58 5)
3(85 5 37)
3(83 274 84)
3(83 84 339)
3(393 383 382)
3(241 242 44)
3(39 353 341)
3(245 48 47)
3(250 259 257)
3(397 374 375)
3(309 285 284)
3(332 319 21)
3(273 80 79)
3(335 79 80)
3(75 284 285)
3(290 55 289)
3(246 247 49)
3(261 242 240)
3(394 374 397)
3(392 381 399)
3(386 387 399)
3(254 64 51)
3(71 72 269)
3(85 84 275)
3(340 84 85)
3(72 282 73)
3(72 73 278)
3(55 54 289)
3(55 256 54)
3(48 326 331)
3(53 255 248)
3(71 269 70)
3(342 348 357)
3(37 58 237)
3(57 249 56)
3(291 57 56)
3(246 260 247)
3(327 320 332)
3(258 259 250)
3(103 104 374)
3(103 24 104)
3(93 297 72)
3(93 72 6)
3(71 6 72)
3(71 93 6)
3(26 321 108)
3(9 100 120)
3(82 81 17)
3(337 81 82)
3(81 16 17)
3(42 43 342)
3(27 109 110)
3(345 110 109)
3(42 241 43)
3(379 98 97)
3(8 79 114)
3(65 8 114)
3(65 79 8)
3(114 115 370)
3(20 326 332)
3(55 56 256)
3(55 290 56)
3(299 306 296)
3(246 245 263)
3(105 315 106)
3(105 106 376)
3(376 391 395)
3(358 352 351)
3(351 363 358)
3(108 107 343)
3(108 321 107)
3(343 358 344)
3(399 389 392)
3(102 25 103)
3(373 102 103)
3(263 262 252)
3(258 250 251)
3(338 83 339)
3(335 80 336)
3(294 311 303)
3(362 369 368)
3(390 373 396)
3(16 81 80)
3(60 61 251)
3(272 271 77)
3(251 252 262)
3(272 277 280)
3(50 249 57)
3(360 361 365)
3(107 355 343)
3(317 22 88)
3(350 351 117)
3(283 302 284)
3(80 81 336)
3(114 349 115)
3(362 366 361)
3(313 321 333)
3(314 25 102)
3(268 267 66)
3(57 3 50)
3(57 291 3)
3(372 102 373)
3(60 251 250)
3(19 0 60)
3(335 363 349)
3(252 62 253)
3(356 358 363)
3(257 264 237)
3(261 264 259)
3(251 61 252)
3(338 362 361)
3(118 371 387)
3(268 66 67)
3(382 67 66)
3(338 339 362)
3(334 322 323)
3(354 40 41)
3(118 119 371)
3(306 290 289)
3(1 47 331)
3(52 248 254)
3(256 249 260)
3(393 392 390)
3(360 337 361)
3(52 254 51)
3(52 51 287)
3(359 344 358)
3(334 325 28)
3(42 240 241)
3(15 68 14)
3(63 253 62)
3(63 62 280)
3(317 87 329)
3(48 49 326)
3(48 246 49)
3(367 369 339)
3(15 281 268)
3(239 40 238)
3(114 79 349)
3(283 308 302)
3(237 238 38)
3(71 377 93)
3(320 319 332)
3(301 307 300)
3(56 290 291)
3(301 300 96)
3(41 42 354)
3(90 91 296)
3(90 318 91)
3(292 87 293)
3(379 398 391)
3(339 369 362)
3(301 298 304)
3(101 313 314)
3(364 369 367)
3(342 357 354)
3(100 371 120)
3(393 394 383)
3(346 365 366)
3(353 354 364)
3(345 359 365)
3(372 388 101)
3(101 314 102)
3(372 101 102)
3(364 354 357)
3(269 13 14)
3(69 68 384)
3(383 384 68)
3(394 396 374)
3(87 88 293)
3(317 88 87)
3(63 277 64)
3(254 63 64)
3(118 117 351)
3(118 387 117)
3(386 399 370)
3(306 289 305)
3(15 268 67)
3(262 245 244)
3(258 251 262)
3(74 284 75)
3(74 75 12)
)


// ************************************************************************* //
