/*--------------------------------*- C++ -*----------------------------------*\
  =========                 |
  \\      /  F ield         | OpenFOAM: The Open Source CFD Toolbox
   \\    /   O peration     | Website:  https://openfoam.org
    \\  /    A nd           | Version:  12
     \\/     M anipulation  |
\*---------------------------------------------------------------------------*/
FoamFile
{
    format      ascii;
    class       vectorField;
    location    "constant/polyMesh";
    object      points;
}
// * * * * * * * * * * * * * * * * * * * * * * * * * * * * * * * * * * * * * //


765
(
(-0.19 -0.19 -0.3)
(-0.19 -0.19 0.3)
(-0.19 0.19 0.3)
(-0.19 0.19 -0.3)
(0.19 -0.19 -0.3)
(0.19 -0.19 0.3)
(0.19 0.19 0.3)
(0.19 0.19 -0.3)
(0.335876 0.335876 -0.3)
(0.335876 0.335876 0.3)
(0.335876 -0.335876 -0.3)
(0.335876 -0.335876 0.3)
(-0.335876 0.335876 0.3)
(-0.335876 0.335876 -0.3)
(-0.335876 -0.335876 -0.3)
(-0.335876 -0.335876 0.3)
(-0.63 -0.63 -0.3)
(-0.63 -0.63 0.3)
(-0.63 0.63 0.3)
(-0.63 0.63 -0.3)
(0.63 -0.63 -0.3)
(0.63 -0.63 0.3)
(0.63 0.63 -0.3)
(0.63 0.63 0.3)
(-0.19 -0.19 -0.15)
(-0.19 -0.19 0)
(-0.19 -0.19 0.15)
(-0.19 -0.095 0.3)
(-0.19 0 0.3)
(-0.19 0.095 0.3)
(-0.19 0.19 -0.15)
(-0.19 0.19 0)
(-0.19 0.19 0.15)
(-0.19 -0.095 -0.3)
(-0.19 0 -0.3)
(-0.19 0.095 -0.3)
(0.19 -0.19 -0.15)
(0.19 -0.19 0)
(0.19 -0.19 0.15)
(0.19 -0.095 0.3)
(0.19 0 0.3)
(0.19 0.095 0.3)
(0.19 0.19 -0.15)
(0.19 0.19 0)
(0.19 0.19 0.15)
(0.19 -0.095 -0.3)
(0.19 0 -0.3)
(0.19 0.095 -0.3)
(-0.095 -0.19 -0.3)
(0 -0.19 -0.3)
(0.095 -0.19 -0.3)
(-0.095 -0.19 0.3)
(0 -0.19 0.3)
(0.095 -0.19 0.3)
(-0.095 0.19 -0.3)
(0 0.19 -0.3)
(0.095 0.19 -0.3)
(-0.095 0.19 0.3)
(0 0.19 0.3)
(0.095 0.19 0.3)
(0.335876 0.335876 -0.15)
(0.335876 0.335876 0)
(0.335876 0.335876 0.15)
(0.438843 -0.181775 -0.3)
(0.475 -8.21565e-15 -0.3)
(0.438843 0.181775 -0.3)
(0.335876 -0.335876 -0.15)
(0.335876 -0.335876 0)
(0.335876 -0.335876 0.15)
(0.438843 -0.181775 0.3)
(0.475 -8.21565e-15 0.3)
(0.438843 0.181775 0.3)
(0.226469 0.226469 0.3)
(0.262938 0.262938 0.3)
(0.299407 0.299407 0.3)
(0.226469 0.226469 -0.3)
(0.262938 0.262938 -0.3)
(0.299407 0.299407 -0.3)
(0.226469 -0.226469 -0.3)
(0.262938 -0.262938 -0.3)
(0.299407 -0.299407 -0.3)
(0.226469 -0.226469 0.3)
(0.262938 -0.262938 0.3)
(0.299407 -0.299407 0.3)
(0.181775 0.438843 0.3)
(-8.46545e-15 0.475 0.3)
(-0.181775 0.438843 0.3)
(-0.335876 0.335876 -0.15)
(-0.335876 0.335876 0)
(-0.335876 0.335876 0.15)
(0.181775 0.438843 -0.3)
(-8.46545e-15 0.475 -0.3)
(-0.181775 0.438843 -0.3)
(-0.226469 0.226469 0.3)
(-0.262938 0.262938 0.3)
(-0.299407 0.299407 0.3)
(-0.226469 0.226469 -0.3)
(-0.262938 0.262938 -0.3)
(-0.299407 0.299407 -0.3)
(-0.181775 -0.438843 -0.3)
(-8.65974e-15 -0.475 -0.3)
(0.181775 -0.438843 -0.3)
(-0.335876 -0.335876 -0.15)
(-0.335876 -0.335876 0)
(-0.335876 -0.335876 0.15)
(-0.181775 -0.438843 0.3)
(-8.65974e-15 -0.475 0.3)
(0.181775 -0.438843 0.3)
(-0.226469 -0.226469 -0.3)
(-0.262938 -0.262938 -0.3)
(-0.299407 -0.299407 -0.3)
(-0.226469 -0.226469 0.3)
(-0.262938 -0.262938 0.3)
(-0.299407 -0.299407 0.3)
(-0.438843 0.181775 0.3)
(-0.475 -8.46545e-15 0.3)
(-0.438843 -0.181775 0.3)
(-0.438843 0.181775 -0.3)
(-0.475 -8.46545e-15 -0.3)
(-0.438843 -0.181775 -0.3)
(-0.63 -0.63 -0.15)
(-0.63 -0.63 0)
(-0.63 -0.63 0.15)
(-0.63 -0.315 0.3)
(-0.63 0 0.3)
(-0.63 0.315 0.3)
(-0.63 0.63 -0.15)
(-0.63 0.63 0)
(-0.63 0.63 0.15)
(-0.63 -0.315 -0.3)
(-0.63 0 -0.3)
(-0.63 0.315 -0.3)
(-0.409407 -0.409407 0.3)
(-0.482938 -0.482938 0.3)
(-0.556469 -0.556469 0.3)
(-0.409407 -0.409407 -0.3)
(-0.482938 -0.482938 -0.3)
(-0.556469 -0.556469 -0.3)
(-0.409407 0.409407 0.3)
(-0.482938 0.482938 0.3)
(-0.556469 0.556469 0.3)
(-0.409407 0.409407 -0.3)
(-0.482938 0.482938 -0.3)
(-0.556469 0.556469 -0.3)
(-0.315 -0.63 -0.3)
(0 -0.63 -0.3)
(0.315 -0.63 -0.3)
(0.63 -0.63 -0.15)
(0.63 -0.63 0)
(0.63 -0.63 0.15)
(-0.315 -0.63 0.3)
(0 -0.63 0.3)
(0.315 -0.63 0.3)
(0.409407 -0.409407 -0.3)
(0.482938 -0.482938 -0.3)
(0.556469 -0.556469 -0.3)
(0.409407 -0.409407 0.3)
(0.482938 -0.482938 0.3)
(0.556469 -0.556469 0.3)
(-0.315 0.63 -0.3)
(0 0.63 -0.3)
(0.315 0.63 -0.3)
(0.63 0.63 -0.15)
(0.63 0.63 0)
(0.63 0.63 0.15)
(-0.315 0.63 0.3)
(0 0.63 0.3)
(0.315 0.63 0.3)
(0.409407 0.409407 -0.3)
(0.482938 0.482938 -0.3)
(0.556469 0.556469 -0.3)
(0.409407 0.409407 0.3)
(0.482938 0.482938 0.3)
(0.556469 0.556469 0.3)
(0.63 -0.315 0.3)
(0.63 0 0.3)
(0.63 0.315 0.3)
(0.63 -0.315 -0.3)
(0.63 0 -0.3)
(0.63 0.315 -0.3)
(-0.19 -0.095 -0.15)
(-0.19 0 -0.15)
(-0.19 0.095 -0.15)
(-0.19 -0.095 -1.11022e-16)
(-0.19 0 0)
(-0.19 0.095 0)
(-0.19 -0.095 0.15)
(-0.19 0 0.15)
(-0.19 0.095 0.15)
(0.19 -0.095 0.15)
(0.19 -2.77556e-17 0.15)
(0.19 0.095 0.15)
(0.19 -0.095 0)
(0.19 0 0)
(0.19 0.095 0)
(0.19 -0.095 -0.15)
(0.19 0 -0.15)
(0.19 0.095 -0.15)
(-0.095 -0.19 -0.15)
(-0.095 -0.19 0)
(-0.095 -0.19 0.15)
(0 -0.19 -0.15)
(0 -0.19 0)
(0 -0.19 0.15)
(0.095 -0.19 -0.15)
(0.095 -0.19 0)
(0.095 -0.19 0.15)
(0.095 0.19 -0.15)
(0.095 0.19 0)
(0.095 0.19 0.15)
(0 0.19 -0.15)
(0 0.19 0)
(0 0.19 0.15)
(-0.095 0.19 -0.15)
(-0.095 0.19 0)
(-0.095 0.19 0.15)
(-0.095 -0.095 -0.3)
(0 -0.095 -0.3)
(0.095 -0.095 -0.3)
(-0.095 0 -0.3)
(0 0 -0.3)
(0.095 0 -0.3)
(-0.095 0.095 -0.3)
(0 0.095 -0.3)
(0.095 0.095 -0.3)
(-0.095 0.095 0.3)
(0 0.095 0.3)
(0.095 0.095 0.3)
(-0.095 0 0.3)
(0 0 0.3)
(0.095 0 0.3)
(-0.095 -0.095 0.3)
(0 -0.095 0.3)
(0.095 -0.095 0.3)
(0.438843 0.181775 -0.15)
(0.475 -6.63358e-15 -0.15)
(0.438843 -0.181775 -0.15)
(0.438843 0.181775 0)
(0.475 -4.46865e-15 0)
(0.438843 -0.181775 0)
(0.438843 0.181775 0.15)
(0.475 -2.33147e-15 0.15)
(0.438843 -0.181775 0.15)
(0.226469 0.226469 0.15)
(0.226469 0.226469 0)
(0.226469 0.226469 -0.15)
(0.262938 0.262938 0.15)
(0.262938 0.262938 0)
(0.262938 0.262938 -0.15)
(0.299407 0.299407 0.15)
(0.299407 0.299407 -1.11022e-16)
(0.299407 0.299407 -0.15)
(0.376632 0.160081 -0.3)
(0.314421 0.138387 -0.3)
(0.252211 0.116694 -0.3)
(0.40375 -1.44329e-15 -0.3)
(0.3325 -1.05471e-15 -0.3)
(0.26125 -5.27356e-16 -0.3)
(0.376632 -0.160081 -0.3)
(0.314421 -0.138387 -0.3)
(0.252211 -0.116694 -0.3)
(0.299407 -0.299407 0.15)
(0.299407 -0.299407 0)
(0.299407 -0.299407 -0.15)
(0.262938 -0.262938 0.15)
(0.262938 -0.262938 0)
(0.262938 -0.262938 -0.15)
(0.226469 -0.226469 0.15)
(0.226469 -0.226469 -1.11022e-16)
(0.226469 -0.226469 -0.15)
(0.376632 -0.160081 0.3)
(0.314421 -0.138387 0.3)
(0.252211 -0.116694 0.3)
(0.40375 -1.44329e-15 0.3)
(0.3325 -1.02696e-15 0.3)
(0.26125 -5.82867e-16 0.3)
(0.376632 0.160081 0.3)
(0.314421 0.138387 0.3)
(0.252211 0.116694 0.3)
(-0.181775 0.438843 0.15)
(-0.181775 0.438843 0)
(-0.181775 0.438843 -0.15)
(2.77556e-17 0.475 0.15)
(2.77556e-17 0.475 0)
(2.77556e-17 0.475 -0.15)
(0.181775 0.438843 0.15)
(0.181775 0.438843 -1.11022e-16)
(0.181775 0.438843 -0.15)
(0.116694 0.252211 0.3)
(-6.38378e-16 0.26125 0.3)
(-0.116694 0.252211 0.3)
(0.138387 0.314421 0.3)
(-1.22125e-15 0.3325 0.3)
(-0.138387 0.314421 0.3)
(0.160081 0.376632 0.3)
(-1.83187e-15 0.40375 0.3)
(-0.160081 0.376632 0.3)
(-0.226469 0.226469 0.15)
(-0.226469 0.226469 0)
(-0.226469 0.226469 -0.15)
(-0.262938 0.262938 0.15)
(-0.262938 0.262938 0)
(-0.262938 0.262938 -0.15)
(-0.299407 0.299407 0.15)
(-0.299407 0.299407 -1.11022e-16)
(-0.299407 0.299407 -0.15)
(0.160081 0.376632 -0.3)
(-6.35603e-15 0.40375 -0.3)
(-0.160081 0.376632 -0.3)
(0.138387 0.314421 -0.3)
(-4.2466e-15 0.3325 -0.3)
(-0.138387 0.314421 -0.3)
(0.116694 0.252211 -0.3)
(-2.10942e-15 0.26125 -0.3)
(-0.116694 0.252211 -0.3)
(0.181775 -0.438843 -0.15)
(-8.65974e-15 -0.475 -0.15)
(-0.181775 -0.438843 -0.15)
(0.181775 -0.438843 0)
(-8.65974e-15 -0.475 0)
(-0.181775 -0.438843 0)
(0.181775 -0.438843 0.15)
(-8.65974e-15 -0.475 0.15)
(-0.181775 -0.438843 0.15)
(0.160081 -0.376632 -0.3)
(0.138387 -0.314421 -0.3)
(0.116694 -0.252211 -0.3)
(-1.94289e-15 -0.40375 -0.3)
(-1.27676e-15 -0.3325 -0.3)
(-6.10623e-16 -0.26125 -0.3)
(-0.160081 -0.376632 -0.3)
(-0.138387 -0.314421 -0.3)
(-0.116694 -0.252211 -0.3)
(-0.299407 -0.299407 0.15)
(-0.299407 -0.299407 0)
(-0.299407 -0.299407 -0.15)
(-0.262938 -0.262938 0.15)
(-0.262938 -0.262938 0)
(-0.262938 -0.262938 -0.15)
(-0.226469 -0.226469 0.15)
(-0.226469 -0.226469 -1.11022e-16)
(-0.226469 -0.226469 -0.15)
(-0.160081 -0.376632 0.3)
(-0.138387 -0.314421 0.3)
(-0.116694 -0.252211 0.3)
(-1.94289e-15 -0.40375 0.3)
(-1.30451e-15 -0.3325 0.3)
(-6.10623e-16 -0.26125 0.3)
(0.160081 -0.376632 0.3)
(0.138387 -0.314421 0.3)
(0.116694 -0.252211 0.3)
(-0.438843 -0.181775 0.15)
(-0.438843 -0.181775 0)
(-0.438843 -0.181775 -0.15)
(-0.475 -2.10942e-15 0.15)
(-0.475 -4.19109e-15 0)
(-0.475 -6.38378e-15 -0.15)
(-0.438843 0.181775 0.15)
(-0.438843 0.181775 0)
(-0.438843 0.181775 -0.15)
(-0.252211 0.116694 0.3)
(-0.26125 -2.16493e-15 0.3)
(-0.252211 -0.116694 0.3)
(-0.314421 0.138387 0.3)
(-0.3325 -4.27436e-15 0.3)
(-0.314421 -0.138387 0.3)
(-0.376632 0.160081 0.3)
(-0.40375 -6.46705e-15 0.3)
(-0.376632 -0.160081 0.3)
(-0.376632 0.160081 -0.3)
(-0.40375 -6.35603e-15 -0.3)
(-0.376632 -0.160081 -0.3)
(-0.314421 0.138387 -0.3)
(-0.3325 -4.19109e-15 -0.3)
(-0.314421 -0.138387 -0.3)
(-0.252211 0.116694 -0.3)
(-0.26125 -2.10942e-15 -0.3)
(-0.252211 -0.116694 -0.3)
(-0.63 -0.315 -0.15)
(-0.63 1.11022e-16 -0.15)
(-0.63 0.315 -0.15)
(-0.63 -0.315 -1.11022e-16)
(-0.63 -1.11022e-16 0)
(-0.63 0.315 0)
(-0.63 -0.315 0.15)
(-0.63 -1.11022e-16 0.15)
(-0.63 0.315 0.15)
(-0.409407 -0.409407 0.15)
(-0.409407 -0.409407 5.55112e-17)
(-0.409407 -0.409407 -0.15)
(-0.482938 -0.482938 0.15)
(-0.482938 -0.482938 5.55112e-17)
(-0.482938 -0.482938 -0.15)
(-0.556469 -0.556469 0.15)
(-0.556469 -0.556469 0)
(-0.556469 -0.556469 -0.15)
(-0.582211 0.281694 0.3)
(-0.534421 0.248387 0.3)
(-0.486632 0.215081 0.3)
(-0.59125 -5.55112e-16 0.3)
(-0.5525 -1.22125e-15 0.3)
(-0.51375 -1.88738e-15 0.3)
(-0.582211 -0.281694 0.3)
(-0.534421 -0.248387 0.3)
(-0.486632 -0.215081 0.3)
(-0.556469 0.556469 0.15)
(-0.556469 0.556469 0)
(-0.556469 0.556469 -0.15)
(-0.482938 0.482938 0.15)
(-0.482938 0.482938 0)
(-0.482938 0.482938 -0.15)
(-0.409407 0.409407 0.15)
(-0.409407 0.409407 0)
(-0.409407 0.409407 -0.15)
(-0.582211 -0.281694 -0.3)
(-0.534421 -0.248387 -0.3)
(-0.486632 -0.215081 -0.3)
(-0.59125 -2.10942e-15 -0.3)
(-0.5525 -4.44089e-15 -0.3)
(-0.51375 -6.55032e-15 -0.3)
(-0.582211 0.281694 -0.3)
(-0.534421 0.248387 -0.3)
(-0.486632 0.215081 -0.3)
(-0.315 -0.63 -0.15)
(-0.315 -0.63 0)
(-0.315 -0.63 0.15)
(-1.11022e-16 -0.63 -0.15)
(-1.11022e-16 -0.63 0)
(1.11022e-16 -0.63 0.15)
(0.315 -0.63 -0.15)
(0.315 -0.63 -1.11022e-16)
(0.315 -0.63 0.15)
(-0.281694 -0.582211 -0.3)
(-5.55112e-16 -0.59125 -0.3)
(0.281694 -0.582211 -0.3)
(-0.248387 -0.534421 -0.3)
(-1.22125e-15 -0.5525 -0.3)
(0.248387 -0.534421 -0.3)
(-0.215081 -0.486632 -0.3)
(-1.88738e-15 -0.51375 -0.3)
(0.215081 -0.486632 -0.3)
(0.409407 -0.409407 0.15)
(0.409407 -0.409407 5.55112e-17)
(0.409407 -0.409407 -0.15)
(0.482938 -0.482938 0.15)
(0.482938 -0.482938 5.55112e-17)
(0.482938 -0.482938 -0.15)
(0.556469 -0.556469 0.15)
(0.556469 -0.556469 0)
(0.556469 -0.556469 -0.15)
(-0.215081 -0.486632 0.3)
(-6.43929e-15 -0.51375 0.3)
(0.215081 -0.486632 0.3)
(-0.248387 -0.534421 0.3)
(-4.32987e-15 -0.5525 0.3)
(0.248387 -0.534421 0.3)
(-0.281694 -0.582211 0.3)
(-1.88738e-15 -0.59125 0.3)
(0.281694 -0.582211 0.3)
(0.315 0.63 -0.15)
(0.315 0.63 5.55112e-17)
(0.315 0.63 0.15)
(2.22045e-16 0.63 -0.15)
(2.22045e-16 0.63 0)
(2.22045e-16 0.63 0.15)
(-0.315 0.63 -0.15)
(-0.315 0.63 -1.11022e-16)
(-0.315 0.63 0.15)
(-0.281694 0.582211 -0.3)
(-0.248387 0.534421 -0.3)
(-0.215081 0.486632 -0.3)
(-5.55112e-16 0.59125 -0.3)
(-1.11022e-15 0.5525 -0.3)
(-1.66533e-15 0.51375 -0.3)
(0.281694 0.582211 -0.3)
(0.248387 0.534421 -0.3)
(0.215081 0.486632 -0.3)
(0.556469 0.556469 0.15)
(0.556469 0.556469 0)
(0.556469 0.556469 -0.15)
(0.482938 0.482938 0.15)
(0.482938 0.482938 0)
(0.482938 0.482938 -0.15)
(0.409407 0.409407 0.15)
(0.409407 0.409407 -1.11022e-16)
(0.409407 0.409407 -0.15)
(0.281694 0.582211 0.3)
(0.248387 0.534421 0.3)
(0.215081 0.486632 0.3)
(-2.10942e-15 0.59125 0.3)
(-4.21885e-15 0.5525 0.3)
(-6.55032e-15 0.51375 0.3)
(-0.281694 0.582211 0.3)
(-0.248387 0.534421 0.3)
(-0.215081 0.486632 0.3)
(0.63 -0.315 0.15)
(0.63 1.11022e-16 0.15)
(0.63 0.315 0.15)
(0.63 -0.315 0)
(0.63 -1.11022e-16 0)
(0.63 0.315 0)
(0.63 -0.315 -0.15)
(0.63 -1.11022e-16 -0.15)
(0.63 0.315 -0.15)
(0.486632 -0.215081 0.3)
(0.51375 -6.32827e-15 0.3)
(0.486632 0.215081 0.3)
(0.534421 -0.248387 0.3)
(0.5525 -4.10783e-15 0.3)
(0.534421 0.248387 0.3)
(0.582211 -0.281694 0.3)
(0.59125 -2.10942e-15 0.3)
(0.582211 0.281694 0.3)
(0.582211 -0.281694 -0.3)
(0.59125 -2.10942e-15 -0.3)
(0.582211 0.281694 -0.3)
(0.534421 -0.248387 -0.3)
(0.5525 -4.10783e-15 -0.3)
(0.534421 0.248387 -0.3)
(0.486632 -0.215081 -0.3)
(0.51375 -6.10623e-15 -0.3)
(0.486632 0.215081 -0.3)
(-0.095 -0.095 0.15)
(0 -0.095 0.15)
(0.095 -0.095 0.15)
(-0.095 -6.93889e-18 0.15)
(0 -1.38778e-17 0.15)
(0.095 -2.08167e-17 0.15)
(-0.095 0.095 0.15)
(0 0.095 0.15)
(0.095 0.095 0.15)
(-0.095 -0.095 -8.32667e-17)
(0 -0.095 -5.55112e-17)
(0.095 -0.095 -2.77556e-17)
(-0.095 0 0)
(0 0 0)
(0.095 0 0)
(-0.095 0.095 0)
(0 0.095 0)
(0.095 0.095 0)
(-0.095 -0.095 -0.15)
(0 -0.095 -0.15)
(0.095 -0.095 -0.15)
(-0.095 0 -0.15)
(0 0 -0.15)
(0.095 0 -0.15)
(-0.095 0.095 -0.15)
(0 0.095 -0.15)
(0.095 0.095 -0.15)
(0.376632 0.160081 0.15)
(0.314421 0.138387 0.15)
(0.252211 0.116694 0.15)
(0.40375 -1.5335e-15 0.15)
(0.3325 -1.1241e-15 0.15)
(0.26125 -6.17562e-16 0.15)
(0.376632 -0.160081 0.15)
(0.314421 -0.138387 0.15)
(0.252211 -0.116694 0.15)
(0.376632 0.160081 -8.32667e-17)
(0.314421 0.138387 0)
(0.252211 0.116694 -2.77556e-17)
(0.40375 -3.12944e-15 -5.55112e-17)
(0.3325 -2.15106e-15 0)
(0.26125 -1.11716e-15 -5.55112e-17)
(0.376632 -0.160081 -2.77556e-17)
(0.314421 -0.138387 0)
(0.252211 -0.116694 -8.32667e-17)
(0.376632 0.160081 -0.15)
(0.314421 0.138387 -0.15)
(0.252211 0.116694 -0.15)
(0.40375 -4.7809e-15 -0.15)
(0.3325 -3.26128e-15 -0.15)
(0.26125 -1.64452e-15 -0.15)
(0.376632 -0.160081 -0.15)
(0.314421 -0.138387 -0.15)
(0.252211 -0.116694 -0.15)
(0.160081 0.376632 0.15)
(0.138387 0.314421 0.15)
(0.116694 0.252211 0.15)
(0.160081 0.376632 -1.94289e-16)
(0.138387 0.314421 -5.55112e-17)
(0.116694 0.252211 -2.77556e-17)
(0.160081 0.376632 -0.15)
(0.138387 0.314421 -0.15)
(0.116694 0.252211 -0.15)
(-1.09635e-15 0.40375 0.15)
(-8.32667e-16 0.3325 0.15)
(-4.09395e-16 0.26125 0.15)
(-2.27596e-15 0.40375 -1.11022e-16)
(-1.48492e-15 0.3325 0)
(-7.42462e-16 0.26125 0)
(-3.40006e-15 0.40375 -0.15)
(-2.27596e-15 0.3325 -0.15)
(-1.13104e-15 0.26125 -0.15)
(-0.160081 0.376632 0.15)
(-0.138387 0.314421 0.15)
(-0.116694 0.252211 0.15)
(-0.160081 0.376632 -1.11022e-16)
(-0.138387 0.314421 0)
(-0.116694 0.252211 0)
(-0.160081 0.376632 -0.15)
(-0.138387 0.314421 -0.15)
(-0.116694 0.252211 -0.15)
(0.160081 -0.376632 0.15)
(0.138387 -0.314421 0.15)
(0.116694 -0.252211 0.15)
(-1.20182e-14 -0.40375 0.15)
(-8.02136e-15 -0.3325 0.15)
(-3.96905e-15 -0.26125 0.15)
(-0.160081 -0.376632 0.15)
(-0.138387 -0.314421 0.15)
(-0.116694 -0.252211 0.15)
(0.160081 -0.376632 0)
(0.138387 -0.314421 0)
(0.116694 -0.252211 -1.11022e-16)
(-1.20182e-14 -0.40375 0)
(-8.02136e-15 -0.3325 0)
(-3.96905e-15 -0.26125 -1.11022e-16)
(-0.160081 -0.376632 0)
(-0.138387 -0.314421 0)
(-0.116694 -0.252211 -1.11022e-16)
(0.160081 -0.376632 -0.15)
(0.138387 -0.314421 -0.15)
(0.116694 -0.252211 -0.15)
(-1.20182e-14 -0.40375 -0.15)
(-7.99361e-15 -0.3325 -0.15)
(-3.96905e-15 -0.26125 -0.15)
(-0.160081 -0.376632 -0.15)
(-0.138387 -0.314421 -0.15)
(-0.116694 -0.252211 -0.15)
(-0.376632 0.160081 0.15)
(-0.314421 0.138387 0.15)
(-0.252211 0.116694 0.15)
(-0.376632 0.160081 -8.32667e-17)
(-0.314421 0.138387 0)
(-0.252211 0.116694 -2.77556e-17)
(-0.376632 0.160081 -0.15)
(-0.314421 0.138387 -0.15)
(-0.252211 0.116694 -0.15)
(-0.40375 -6.45317e-16 0.15)
(-0.3325 -3.46945e-16 0.15)
(-0.26125 -1.8735e-16 0.15)
(-0.40375 -2.16493e-15 -5.55112e-17)
(-0.3325 -1.36002e-15 0)
(-0.26125 -6.93889e-16 -5.55112e-17)
(-0.40375 -3.82333e-15 -0.15)
(-0.3325 -2.48412e-15 -0.15)
(-0.26125 -1.26288e-15 -0.15)
(-0.376632 -0.160081 0.15)
(-0.314421 -0.138387 0.15)
(-0.252211 -0.116694 0.15)
(-0.376632 -0.160081 -5.55112e-17)
(-0.314421 -0.138387 -5.55112e-17)
(-0.252211 -0.116694 -1.66533e-16)
(-0.376632 -0.160081 -0.15)
(-0.314421 -0.138387 -0.15)
(-0.252211 -0.116694 -0.15)
(-0.582211 -0.281694 0.15)
(-0.534421 -0.248387 0.15)
(-0.486632 -0.215081 0.15)
(-0.59125 8.95117e-16 0.15)
(-0.5525 1.8735e-15 0.15)
(-0.51375 2.71311e-15 0.15)
(-0.582211 0.281694 0.15)
(-0.534421 0.248387 0.15)
(-0.486632 0.215081 0.15)
(-0.582211 -0.281694 -8.32667e-17)
(-0.534421 -0.248387 0)
(-0.486632 -0.215081 2.77556e-17)
(-0.59125 -1.38778e-17 0)
(-0.5525 -2.77556e-17 2.77556e-17)
(-0.51375 -1.38778e-17 2.77556e-17)
(-0.582211 0.281694 0)
(-0.534421 0.248387 0)
(-0.486632 0.215081 0)
(-0.582211 -0.281694 -0.15)
(-0.534421 -0.248387 -0.15)
(-0.486632 -0.215081 -0.15)
(-0.59125 -7.28584e-16 -0.15)
(-0.5525 -1.81799e-15 -0.15)
(-0.51375 -2.74086e-15 -0.15)
(-0.582211 0.281694 -0.15)
(-0.534421 0.248387 -0.15)
(-0.486632 0.215081 -0.15)
(0.281694 -0.582211 -0.15)
(0.248387 -0.534421 -0.15)
(0.215081 -0.486632 -0.15)
(0.281694 -0.582211 -8.32667e-17)
(0.248387 -0.534421 1.47911e-31)
(0.215081 -0.486632 2.77556e-17)
(0.281694 -0.582211 0.15)
(0.248387 -0.534421 0.15)
(0.215081 -0.486632 0.15)
(-4.42701e-15 -0.59125 -0.15)
(-8.82627e-15 -0.5525 -0.15)
(-1.31145e-14 -0.51375 -0.15)
(-4.63518e-15 -0.59125 0)
(-9.54792e-15 -0.5525 5.55112e-17)
(-1.42247e-14 -0.51375 5.55112e-17)
(-4.80171e-15 -0.59125 0.15)
(-1.02141e-14 -0.5525 0.15)
(-1.53766e-14 -0.51375 0.15)
(-0.281694 -0.582211 -0.15)
(-0.248387 -0.534421 -0.15)
(-0.215081 -0.486632 -0.15)
(-0.281694 -0.582211 0)
(-0.248387 -0.534421 5.55112e-17)
(-0.215081 -0.486632 5.55112e-17)
(-0.281694 -0.582211 0.15)
(-0.248387 -0.534421 0.15)
(-0.215081 -0.486632 0.15)
(-0.281694 0.582211 -0.15)
(-0.248387 0.534421 -0.15)
(-0.215081 0.486632 -0.15)
(-0.281694 0.582211 -8.32667e-17)
(-0.248387 0.534421 -5.55112e-17)
(-0.215081 0.486632 -5.55112e-17)
(-0.281694 0.582211 0.15)
(-0.248387 0.534421 0.15)
(-0.215081 0.486632 0.15)
(-1.249e-16 0.59125 -0.15)
(-5.55112e-16 0.5525 -0.15)
(-1.02696e-15 0.51375 -0.15)
(-6.38378e-16 0.59125 0)
(-1.31839e-15 0.5525 0)
(-2.23432e-15 0.51375 -5.55112e-17)
(-9.71445e-16 0.59125 0.15)
(-2.19269e-15 0.5525 0.15)
(-3.35842e-15 0.51375 0.15)
(0.281694 0.582211 -0.15)
(0.248387 0.534421 -0.15)
(0.215081 0.486632 -0.15)
(0.281694 0.582211 1.38778e-17)
(0.248387 0.534421 -2.77556e-17)
(0.215081 0.486632 -1.52656e-16)
(0.281694 0.582211 0.15)
(0.248387 0.534421 0.15)
(0.215081 0.486632 0.15)
(0.582211 -0.281694 -0.15)
(0.534421 -0.248387 -0.15)
(0.486632 -0.215081 -0.15)
(0.59125 -3.29597e-15 -0.15)
(0.5525 -6.3699e-15 -0.15)
(0.51375 -9.5271e-15 -0.15)
(0.582211 0.281694 -0.15)
(0.534421 0.248387 -0.15)
(0.486632 0.215081 -0.15)
(0.582211 -0.281694 0)
(0.534421 -0.248387 5.55112e-17)
(0.486632 -0.215081 2.77556e-17)
(0.59125 -2.75474e-15 0)
(0.5525 -5.28744e-15 2.77556e-17)
(0.51375 -7.93116e-15 -2.77556e-17)
(0.582211 0.281694 0)
(0.534421 0.248387 0)
(0.486632 0.215081 -8.32667e-17)
(0.582211 -0.281694 0.15)
(0.534421 -0.248387 0.15)
(0.486632 -0.215081 0.15)
(0.59125 -2.05391e-15 0.15)
(0.5525 -4.10783e-15 0.15)
(0.51375 -6.30052e-15 0.15)
(0.582211 0.281694 0.15)
(0.534421 0.248387 0.15)
(0.486632 0.215081 0.15)
)


// ************************************************************************* //
