/*--------------------------------*- C++ -*----------------------------------*\
  =========                 |
  \\      /  F ield         | OpenFOAM: The Open Source CFD Toolbox
   \\    /   O peration     | Website:  https://openfoam.org
    \\  /    A nd           | Version:  12
     \\/     M anipulation  |
\*---------------------------------------------------------------------------*/
FoamFile
{
    format      ascii;
    class       faceList;
    location    "constant/polyMesh";
    object      faces;
}
// * * * * * * * * * * * * * * * * * * * * * * * * * * * * * * * * * * * * * //


967
(
3(68 139 25)
3(94 139 68)
3(94 25 139)
3(94 68 25)
3(76 82 20)
3(21 82 76)
3(21 20 82)
3(93 139 25)
3(68 93 25)
3(68 139 93)
3(79 81 140)
3(79 138 81)
3(79 140 138)
3(138 140 81)
3(72 97 11)
3(72 10 97)
3(10 11 97)
3(13 135 42)
3(13 43 135)
3(72 74 139)
3(68 139 74)
3(68 72 139)
3(83 140 82)
3(89 82 140)
3(83 89 140)
3(83 82 89)
3(71 140 90)
3(71 70 140)
3(140 70 90)
3(71 90 70)
3(96 78 19)
3(96 98 78)
3(19 78 98)
3(96 19 98)
3(82 95 140)
3(76 95 82)
3(76 82 140)
3(76 140 95)
3(75 141 93)
3(75 93 139)
3(75 139 141)
3(139 93 141)
3(95 140 88)
3(82 88 140)
3(82 95 88)
3(79 99 23)
3(23 99 77)
3(79 77 99)
3(73 139 138)
3(139 74 138)
3(73 74 139)
3(73 138 74)
3(139 141 73)
3(138 73 141)
3(138 141 139)
3(83 140 21)
3(82 21 140)
3(82 83 21)
3(76 95 20)
3(82 20 95)
3(94 141 73)
3(139 94 73)
3(139 141 94)
3(90 138 140)
3(140 138 71)
3(90 71 138)
3(138 101 73)
3(101 71 73)
3(138 71 101)
3(138 73 71)
3(79 84 99)
3(79 138 84)
3(138 99 84)
3(79 99 138)
3(81 140 78)
3(81 76 140)
3(76 78 140)
3(139 140 78)
3(81 139 78)
3(81 140 139)
3(79 140 21)
3(83 79 21)
3(83 140 79)
3(101 73 92)
3(138 101 92)
3(138 92 73)
3(94 92 73)
3(92 141 73)
3(94 141 92)
3(98 120 105)
3(98 18 120)
3(98 105 18)
3(120 18 105)
3(72 100 97)
3(72 139 100)
3(72 97 139)
3(139 97 100)
3(101 16 73)
3(71 16 101)
3(87 88 140)
3(69 140 88)
3(69 87 140)
3(69 88 87)
3(95 140 87)
3(95 87 88)
3(102 124 85)
3(125 85 124)
3(102 85 125)
3(102 125 124)
3(23 84 99)
3(79 84 23)
3(132 61 82)
3(60 132 82)
3(60 82 61)
3(85 77 23)
3(85 99 77)
3(85 23 99)
3(74 140 71)
3(70 140 74)
3(125 30 31)
3(125 31 102)
3(125 102 30)
3(84 22 23)
3(84 23 62)
3(84 62 22)
3(124 85 92)
3(92 85 102)
3(124 92 102)
3(94 73 68)
3(139 68 73)
3(94 73 17)
3(94 17 68)
3(26 141 86)
3(94 86 141)
3(26 94 141)
3(26 86 94)
3(70 140 88)
3(69 70 88)
3(69 140 70)
3(125 31 4)
3(24 125 4)
3(24 31 125)
3(134 131 89)
3(83 89 131)
3(134 83 131)
3(134 89 83)
3(24 85 64)
3(125 24 64)
3(125 64 85)
3(125 85 24)
3(93 139 26)
3(26 139 25)
3(93 26 25)
3(70 89 14)
3(13 89 70)
3(13 14 89)
3(70 12 88)
3(13 70 88)
3(13 88 12)
3(90 83 140)
3(140 83 138)
3(90 138 83)
3(98 18 75)
3(98 75 78)
3(98 78 18)
3(98 93 75)
3(93 18 75)
3(98 18 93)
3(27 75 141)
3(27 93 75)
3(27 141 93)
3(85 80 77)
3(141 85 77)
3(141 80 85)
3(141 77 80)
3(92 16 73)
3(92 101 16)
3(96 139 98)
3(96 100 139)
3(139 100 98)
3(96 98 100)
3(98 139 78)
3(98 75 139)
3(139 75 78)
3(91 101 71)
3(91 71 16)
3(91 16 101)
3(131 82 132)
3(135 82 131)
3(135 132 82)
3(24 77 85)
3(24 85 80)
3(76 140 79)
3(138 91 101)
3(138 71 91)
3(92 73 17)
3(94 92 17)
3(23 99 126)
3(23 126 127)
3(23 127 99)
3(99 127 126)
3(138 85 141)
3(92 85 138)
3(92 138 141)
3(92 141 85)
3(139 74 140)
3(140 74 138)
3(139 140 138)
3(96 76 19)
3(96 78 76)
3(96 139 78)
3(98 93 139)
3(139 140 96)
3(96 140 78)
3(80 27 75)
3(80 141 27)
3(80 75 141)
3(72 100 11)
3(100 97 11)
3(96 140 87)
3(96 95 140)
3(96 87 95)
3(81 75 139)
3(81 139 141)
3(81 141 75)
3(92 102 106)
3(92 109 102)
3(92 106 109)
3(100 139 87)
3(96 87 139)
3(96 100 87)
3(68 25 0)
3(68 17 25)
3(0 25 17)
3(19 95 76)
3(96 76 95)
3(96 95 19)
3(100 139 69)
3(69 139 87)
3(100 69 87)
3(19 95 20)
3(133 61 82)
3(132 133 82)
3(79 83 84)
3(138 83 79)
3(138 84 83)
3(84 99 126)
3(84 126 23)
3(15 71 91)
3(90 71 15)
3(90 91 71)
3(90 15 91)
3(10 93 72)
3(97 72 93)
3(97 93 10)
3(139 97 93)
3(98 97 139)
3(98 93 97)
3(26 93 141)
3(139 26 141)
3(72 69 139)
3(74 139 69)
3(27 18 75)
3(93 18 27)
3(1 27 75)
3(80 27 1)
3(89 140 88)
3(89 70 140)
3(89 88 70)
3(87 69 11)
3(12 69 87)
3(12 87 11)
3(50 123 91)
3(123 51 91)
3(50 91 51)
3(27 141 86)
3(26 141 27)
3(26 27 86)
3(82 88 89)
3(138 91 99)
3(138 99 101)
3(101 99 91)
3(24 23 85)
3(133 61 20)
3(20 61 82)
3(133 20 82)
3(80 86 27)
3(80 141 86)
3(10 93 68)
3(68 93 72)
3(26 93 27)
3(85 64 23)
3(26 139 94)
3(26 94 25)
3(104 93 108)
3(105 93 104)
3(105 108 93)
3(17 92 16)
3(138 85 77)
3(138 77 141)
3(140 89 90)
3(89 70 90)
3(91 15 16)
3(83 22 79)
3(79 22 84)
3(83 84 22)
3(12 119 88)
3(12 44 119)
3(88 119 44)
3(12 88 44)
3(101 85 138)
3(101 92 85)
3(10 25 68)
3(10 93 25)
3(72 69 100)
3(69 139 140)
3(140 139 87)
3(100 11 69)
3(100 11 87)
3(1 86 80)
3(24 80 86)
3(24 86 1)
3(139 93 72)
3(114 110 108)
3(34 114 108)
3(34 110 114)
3(34 108 110)
3(12 88 69)
3(76 140 21)
3(83 22 21)
3(27 18 1)
3(1 86 27)
3(81 77 138)
3(79 138 77)
3(83 89 90)
3(138 85 99)
3(138 99 77)
3(118 95 119)
3(118 119 133)
3(118 133 95)
3(133 119 95)
3(14 70 90)
3(89 14 90)
3(81 138 141)
3(81 139 138)
3(131 89 135)
3(134 135 89)
3(91 84 138)
3(91 99 84)
3(74 140 69)
3(134 111 137)
3(134 137 90)
3(90 137 111)
3(134 90 111)
3(71 74 138)
3(90 71 14)
3(90 14 15)
3(13 89 88)
3(85 86 80)
3(141 86 85)
3(28 52 109)
3(28 109 124)
3(52 124 109)
3(91 138 90)
3(24 85 86)
3(92 86 141)
3(94 86 92)
3(90 84 138)
3(90 91 84)
3(85 92 86)
3(19 18 98)
3(84 83 90)
3(10 25 0)
3(81 141 77)
3(81 80 141)
3(94 17 25)
3(101 85 99)
3(52 109 5)
3(13 89 135)
3(13 135 88)
3(89 88 135)
3(101 124 85)
3(101 92 124)
3(87 12 88)
3(76 140 96)
3(98 97 100)
3(13 89 42)
3(89 135 42)
3(13 43 88)
3(43 135 88)
3(122 84 129)
3(90 84 122)
3(90 129 84)
3(90 122 129)
3(97 11 110)
3(47 11 97)
3(47 97 110)
3(43 88 12)
3(122 84 91)
3(91 84 126)
3(122 126 84)
3(122 91 126)
3(10 110 97)
3(10 40 108)
3(10 108 110)
3(40 110 108)
3(112 95 119)
3(118 95 112)
3(133 58 119)
3(118 58 133)
3(104 18 33)
3(1 18 104)
3(1 104 33)
3(86 26 106)
3(86 106 103)
3(86 103 26)
3(103 106 26)
3(102 86 103)
3(103 86 31)
3(102 31 86)
3(46 87 11)
3(46 12 87)
3(112 113 87)
3(116 87 113)
3(112 87 116)
3(105 36 115)
3(35 105 115)
3(98 115 114)
3(98 105 115)
3(115 105 114)
3(98 114 105)
3(56 45 44)
3(56 44 119)
3(45 119 44)
3(134 111 41)
3(41 111 137)
3(98 115 117)
3(114 98 117)
3(92 86 102)
3(85 102 86)
3(98 121 115)
3(120 98 115)
3(120 115 121)
3(120 121 98)
3(59 130 83)
3(59 83 131)
3(83 130 131)
3(128 84 129)
3(122 84 128)
3(37 106 17)
3(17 106 38)
3(131 21 59)
3(131 60 21)
3(134 111 14)
3(134 14 41)
3(107 93 26)
3(107 26 25)
3(107 25 93)
3(26 106 94)
3(94 106 86)
3(100 114 47)
3(100 97 114)
3(100 47 97)
3(114 97 47)
3(116 96 117)
3(116 113 96)
3(96 113 117)
3(118 95 53)
3(116 53 95)
3(118 116 95)
3(3 120 115)
3(120 55 115)
3(92 17 37)
3(92 106 17)
3(92 37 106)
3(109 124 29)
3(101 127 85)
3(127 124 85)
3(101 124 127)
3(120 115 105)
3(3 105 115)
3(3 120 105)
3(122 90 91)
3(130 84 129)
3(128 130 129)
3(128 84 130)
3(98 121 117)
3(117 121 115)
3(107 104 93)
3(107 93 108)
3(91 126 99)
3(91 99 123)
3(91 123 126)
3(123 99 126)
3(136 135 88)
3(136 88 43)
3(127 64 85)
3(125 127 85)
3(107 104 26)
3(26 104 93)
3(126 63 23)
3(63 127 23)
3(136 88 132)
3(133 88 136)
3(133 132 88)
3(136 56 119)
3(136 119 57)
3(112 119 88)
3(12 112 88)
3(12 119 112)
3(8 111 137)
3(103 104 26)
3(103 26 107)
3(104 27 26)
3(104 93 27)
3(61 133 53)
3(133 7 53)
3(67 129 130)
3(129 66 130)
3(92 124 109)
3(92 109 52)
3(92 52 124)
3(130 84 90)
3(130 90 129)
3(15 122 111)
3(90 111 122)
3(15 90 122)
3(15 111 90)
3(62 23 126)
3(82 60 131)
3(131 89 82)
3(89 135 82)
3(90 130 137)
3(134 130 90)
3(103 27 26)
3(103 104 27)
3(133 53 20)
3(20 60 82)
3(53 118 133)
3(53 133 95)
3(19 116 54)
3(19 53 116)
3(106 26 25)
3(106 25 107)
3(106 107 26)
3(34 40 48)
3(34 48 110)
3(34 110 40)
3(103 1 104)
3(32 104 1)
3(103 32 1)
3(98 100 117)
3(98 117 96)
3(96 117 100)
3(108 97 110)
3(108 114 97)
3(114 110 97)
3(102 86 106)
3(124 16 51)
3(124 52 16)
3(83 130 22)
3(84 22 130)
3(84 130 83)
3(135 88 132)
3(19 121 117)
3(19 117 98)
3(19 98 121)
3(92 16 37)
3(39 108 10)
3(95 119 88)
3(95 88 112)
3(94 25 106)
3(101 127 99)
3(127 85 99)
3(25 38 106)
3(25 107 38)
3(108 97 10)
3(17 25 106)
3(17 106 94)
3(92 52 37)
3(92 16 52)
3(25 38 17)
3(59 22 130)
3(59 130 128)
3(59 128 22)
3(128 130 22)
3(118 133 7)
3(50 122 91)
3(123 91 122)
3(126 84 128)
3(59 22 83)
3(100 47 113)
3(100 11 47)
3(100 113 11)
3(113 47 11)
3(65 8 111)
3(65 111 137)
3(92 86 106)
3(46 113 87)
3(112 46 87)
3(1 31 86)
3(24 86 31)
3(136 44 119)
3(131 82 83)
3(131 83 21)
3(131 21 82)
3(93 18 104)
3(104 18 27)
3(92 106 94)
3(35 105 114)
3(45 119 12)
3(55 121 115)
3(117 121 55)
3(87 12 112)
3(87 112 88)
3(129 65 137)
3(129 137 66)
3(105 18 104)
3(105 93 18)
3(125 24 102)
3(24 31 102)
3(105 18 33)
3(136 88 44)
3(43 44 88)
3(136 119 88)
3(133 119 136)
3(133 88 119)
3(133 57 119)
3(67 130 128)
3(67 128 59)
3(100 113 114)
3(100 114 117)
3(100 117 113)
3(133 20 95)
3(133 95 82)
3(1 27 104)
3(15 49 122)
3(50 15 122)
3(114 97 98)
3(114 105 97)
3(97 105 98)
3(93 97 108)
3(105 108 97)
3(105 97 93)
3(122 111 49)
3(50 15 91)
3(15 122 91)
3(127 64 23)
3(85 127 23)
3(125 102 29)
3(59 83 21)
3(20 95 53)
3(1 103 86)
3(1 31 103)
3(54 117 121)
3(24 85 102)
3(24 102 86)
3(95 53 19)
3(98 18 121)
3(35 108 114)
3(108 105 114)
3(109 102 124)
3(87 11 113)
3(46 113 11)
3(21 60 82)
3(19 54 117)
3(62 84 126)
3(98 100 114)
3(103 27 86)
3(1 27 103)
3(124 29 102)
3(96 116 95)
3(96 87 116)
3(116 87 95)
3(133 95 88)
3(133 88 82)
3(107 0 39)
3(107 39 10)
3(107 10 0)
3(128 22 9)
3(59 128 9)
3(0 38 107)
3(107 0 25)
3(0 38 25)
3(96 117 19)
3(116 96 19)
3(116 19 117)
3(100 113 87)
3(116 95 19)
3(129 111 49)
3(129 122 111)
3(84 128 22)
3(128 62 22)
3(84 62 128)
3(65 49 111)
3(134 83 130)
3(46 12 112)
3(92 109 37)
3(37 109 52)
3(101 16 124)
3(92 124 16)
3(83 90 130)
3(105 93 98)
3(134 14 89)
3(89 14 42)
3(134 89 42)
3(134 42 14)
3(112 45 12)
3(123 101 99)
3(123 91 101)
3(107 108 10)
3(87 112 95)
3(101 16 51)
3(101 51 124)
3(96 87 113)
3(134 90 89)
3(134 14 90)
3(123 101 127)
3(123 127 99)
3(65 111 129)
3(129 111 137)
3(82 88 132)
3(135 88 82)
3(108 10 93)
3(93 10 107)
3(134 90 83)
3(10 25 107)
3(114 48 110)
3(129 90 111)
3(129 90 137)
3(101 124 123)
3(114 47 110)
3(100 96 113)
3(120 33 105)
3(101 51 91)
3(123 51 101)
3(112 95 116)
3(16 51 91)
3(129 130 137)
3(50 16 91)
3(90 111 14)
3(21 76 20)
3(72 11 10)
3(43 42 135)
3(13 42 43)
3(68 74 72)
3(79 23 77)
3(81 78 76)
3(71 73 16)
3(60 61 132)
3(70 74 71)
3(30 102 31)
3(23 22 62)
3(68 17 73)
3(24 4 31)
3(13 70 14)
3(13 12 70)
3(78 75 18)
3(135 131 132)
3(24 80 77)
3(81 76 79)
3(19 76 78)
3(109 106 102)
3(68 0 17)
3(76 19 20)
3(132 61 133)
3(75 78 81)
3(4 30 31)
3(4 125 30)
3(74 69 72)
3(80 1 75)
3(12 11 69)
3(50 51 123)
3(68 73 74)
3(24 77 23)
3(10 68 72)
3(24 23 64)
3(105 104 108)
3(17 16 73)
3(15 71 16)
3(72 69 11)
3(24 1 80)
3(12 69 70)
3(79 76 21)
3(79 21 22)
3(1 18 75)
3(79 77 81)
3(131 135 134)
3(125 4 64)
3(24 64 4)
3(15 14 71)
3(71 74 73)
3(28 124 52)
3(19 78 18)
3(10 0 68)
3(81 77 80)
3(14 70 71)
3(70 69 74)
3(28 5 109)
3(28 52 5)
3(79 22 23)
3(81 80 75)
3(47 110 11)
3(13 43 12)
3(10 11 110)
3(10 110 40)
3(118 112 119)
3(118 119 58)
3(1 33 18)
3(102 103 31)
3(46 11 12)
3(112 116 113)
3(35 115 36)
3(35 36 105)
3(56 119 45)
3(134 41 137)
3(114 117 115)
3(59 131 130)
3(122 128 129)
3(37 38 106)
3(37 17 38)
3(59 21 60)
3(131 59 60)
3(41 14 111)
3(116 117 113)
3(118 53 116)
3(3 115 55)
3(3 55 120)
3(28 29 124)
3(28 109 29)
3(107 108 104)
3(136 43 135)
3(125 64 127)
3(126 127 63)
3(133 136 132)
3(57 119 56)
3(136 57 56)
3(41 8 137)
3(41 111 8)
3(103 107 104)
3(6 45 44)
3(6 56 45)
3(6 44 56)
3(61 53 7)
3(61 7 133)
3(67 130 66)
3(67 66 129)
3(63 62 126)
3(63 23 62)
3(131 60 132)
3(134 137 130)
3(61 20 53)
3(20 61 60)
3(116 53 54)
3(19 54 53)
3(48 40 110)
3(103 104 32)
3(103 102 106)
3(52 51 16)
3(124 51 52)
3(136 135 132)
3(37 16 17)
3(39 40 108)
3(39 10 40)
3(107 106 38)
3(37 52 16)
3(118 7 53)
3(36 115 3)
3(105 36 3)
3(123 122 50)
3(122 126 128)
3(65 137 8)
3(112 113 46)
3(24 31 1)
3(56 44 136)
3(115 35 114)
3(44 45 12)
3(117 55 115)
3(65 66 137)
3(129 66 65)
3(105 33 104)
3(2 34 40)
3(48 2 40)
3(48 34 2)
3(43 136 44)
3(57 58 119)
3(133 58 57)
3(67 59 130)
3(114 113 117)
3(50 122 49)
3(50 49 15)
3(15 49 111)
3(114 47 113)
3(30 29 102)
3(30 125 29)
3(59 22 21)
3(55 121 120)
3(54 121 55)
3(54 55 117)
3(19 53 20)
3(120 121 18)
3(35 105 108)
3(21 20 60)
3(19 121 54)
3(67 129 128)
3(125 127 124)
3(109 102 29)
3(133 7 58)
3(118 58 7)
3(39 0 10)
3(59 9 22)
3(39 107 38)
3(39 38 0)
3(136 133 57)
3(32 104 33)
3(32 33 1)
3(103 106 107)
3(35 108 34)
3(35 34 114)
3(129 49 122)
3(54 117 116)
3(62 22 9)
3(62 9 128)
3(8 111 49)
3(65 8 49)
3(134 130 131)
3(126 62 128)
3(46 12 45)
3(46 45 112)
3(107 39 108)
3(31 32 1)
3(31 103 32)
3(37 106 109)
3(112 45 119)
3(67 128 9)
3(67 9 59)
3(65 49 129)
3(46 47 11)
3(113 47 46)
3(63 64 23)
3(127 64 63)
3(114 34 48)
3(123 124 127)
3(48 110 47)
3(114 48 47)
3(19 18 121)
3(120 18 33)
3(124 29 125)
3(40 34 108)
3(123 126 122)
3(37 109 5)
3(52 37 5)
3(13 14 42)
3(134 135 42)
3(105 3 33)
3(120 33 3)
3(15 16 50)
3(123 51 124)
3(16 51 50)
3(112 118 116)
3(127 126 123)
3(12 43 44)
3(41 42 14)
3(41 134 42)
3(15 111 14)
3(0 38 17)
3(137 66 130)
)


// ************************************************************************* //
