/*--------------------------------*- C++ -*----------------------------------*\
  =========                 |
  \\      /  F ield         | OpenFOAM: The Open Source CFD Toolbox
   \\    /   O peration     | Website:  https://openfoam.org
    \\  /    A nd           | Version:  12
     \\/     M anipulation  |
\*---------------------------------------------------------------------------*/
FoamFile
{
    format      ascii;
    class       vectorField;
    location    "constant/polyMesh";
    object      points;
}
// * * * * * * * * * * * * * * * * * * * * * * * * * * * * * * * * * * * * * //


142
(
(0.475 -1.16341e-16 -0.3)
(0.475 -1.16341e-16 0.3)
(0.63 0.63 -0.3)
(0.63 0.63 0.3)
(0.63 -0.63 0.3)
(0.63 -0.63 -0.3)
(-0.63 0.63 -0.3)
(-0.63 0.63 0.3)
(-0.63 -0.63 -0.3)
(-0.63 -0.63 0.3)
(0.431335 0.198936 -0.3)
(0.106718 0.462857 -0.3)
(-0.267388 0.392592 -0.3)
(-0.462684 0.107464 -0.3)
(-0.442929 -0.171577 -0.3)
(-0.194094 -0.433535 -0.3)
(0.198324 -0.431616 -0.3)
(0.454344 -0.138551 -0.3)
(0.372474 0.294768 0.3)
(-0.0493312 0.472431 0.3)
(-0.397534 0.259984 0.3)
(-0.474238 -0.0268873 0.3)
(-0.34779 -0.323523 0.3)
(0.0168763 -0.4747 0.3)
(0.369887 -0.298008 0.3)
(0.475 -1.16341e-16 -0.146932)
(0.475 -1.16341e-16 -0.0147554)
(0.475 -1.16341e-16 0.138312)
(0.63 -0.63 -0.146787)
(0.63 -0.63 -0.0144639)
(0.63 -0.63 0.138749)
(0.63 -0.329614 0.3)
(0.63 -0.0097427 0.3)
(0.63 0.310129 0.3)
(0.63 0.63 -0.146932)
(0.63 0.63 -0.0147554)
(0.63 0.63 0.138312)
(0.63 -0.392725 -0.3)
(0.63 -0.0997977 -0.3)
(0.63 0.197274 -0.3)
(0.63 0.466343 -0.3)
(-0.63 -0.387752 -0.3)
(-0.63 -0.0934293 -0.3)
(-0.63 0.195591 -0.3)
(-0.63 0.463236 -0.3)
(-0.40196 0.63 -0.3)
(-0.12569 0.63 -0.3)
(0.191398 0.63 -0.3)
(0.468255 0.63 -0.3)
(-0.40196 -0.63 -0.3)
(-0.12569 -0.63 -0.3)
(0.191398 -0.63 -0.3)
(0.468255 -0.63 -0.3)
(-0.331882 0.63 0.3)
(-0.0368216 0.63 0.3)
(0.310204 0.63 0.3)
(-0.63 0.63 -0.146787)
(-0.63 0.63 -0.0144639)
(-0.63 0.63 0.138749)
(-0.63 -0.317389 0.3)
(-0.63 -0.00601505 0.3)
(-0.63 0.30339 0.3)
(-0.323436 -0.63 0.3)
(-0.0202799 -0.63 0.3)
(0.32285 -0.63 0.3)
(-0.63 -0.63 -0.146787)
(-0.63 -0.63 -0.0144639)
(-0.63 -0.63 0.138749)
(0.281439 0.0132145 -0.3)
(-0.0445287 0.232318 -0.3)
(-0.215723 0.0530745 -0.3)
(-0.0823875 -0.198887 -0.3)
(0.168044 0.19418 -0.3)
(0.1784 -0.168265 -0.3)
(0.0414654 0.0157224 -0.3)
(0.254673 0.0923713 0.3)
(-0.165562 0.125048 0.3)
(0.101155 -0.225267 0.3)
(0.0818473 0.216658 0.3)
(-0.147663 -0.156306 0.3)
(0.257892 -0.0954025 0.3)
(0.0547275 -0.00661903 0.3)
(-0.45873 0.123257 0.0992444)
(-0.435976 -0.188547 0.0999191)
(-0.222463 -0.419685 0.100364)
(0.252198 -0.402518 0.11415)
(0.430919 -0.199834 0.107843)
(-0.152409 0.449885 -0.110301)
(-0.392837 0.267029 -0.101798)
(-0.473752 -0.0344071 -0.0990296)
(-0.347838 -0.323471 -0.102617)
(-0.080184 -0.468183 -0.110875)
(0.342582 -0.329033 -0.102875)
(0.426126 0.209862 -0.00550889)
(0.448414 -0.156684 -0.0901834)
(-0.282637 0.381761 0.10155)
(-0.0427708 0.47307 0.0760759)
(0.286782 0.378657 -0.124677)
(0.213484 0.424322 0.104842)
(0.0225634 -0.474464 0.0763127)
(0.0897673 0.466441 -0.0773647)
(0.158111 -0.447913 -0.0731747)
(0.63 -0.397079 0.0589209)
(0.63 -0.126166 0.0951038)
(0.63 0.170054 0.102505)
(0.63 0.437383 0.123198)
(0.63 -0.234207 -0.112937)
(0.63 0.044758 -0.100774)
(0.63 0.368156 -0.0911073)
(0.63 -0.463848 -0.133614)
(0.370612 0.459656 -0.3)
(-0.448589 -0.441069 -0.3)
(-0.242073 0.63 -0.0877977)
(0.0350086 0.63 -0.097119)
(0.36581 0.63 -0.0908903)
(0.43623 0.63 0.123131)
(-0.132137 0.63 0.106754)
(0.163265 0.63 0.104777)
(-0.393069 0.63 0.125165)
(-0.463056 0.63 -0.0472425)
(0.444468 0.471623 0.3)
(0.217672 0.49437 0.3)
(-0.239871 -0.63 -0.0874359)
(0.0379863 -0.63 -0.0970166)
(0.36738 -0.63 -0.0908155)
(0.439113 -0.63 0.122928)
(-0.125475 -0.63 0.107018)
(0.170045 -0.63 0.104834)
(-0.389891 -0.63 0.125465)
(-0.462158 -0.63 -0.0469589)
(-0.63 -0.393824 0.0587619)
(-0.63 -0.122387 0.094895)
(-0.63 0.170051 0.102273)
(-0.63 0.436362 0.123675)
(-0.63 -0.230873 -0.11302)
(-0.63 0.0467383 -0.100722)
(-0.63 0.367369 -0.0908801)
(-0.63 -0.46226 -0.13385)
(0.00570728 -0.203417 0.00766012)
(0.162447 0.0997746 -0.0495277)
(-0.165455 0.0578089 0.0071914)
(0.246342 -0.0849874 0.0887569)
)


// ************************************************************************* //
