/*--------------------------------*- C++ -*----------------------------------*\
  =========                 |
  \\      /  F ield         | OpenFOAM: The Open Source CFD Toolbox
   \\    /   O peration     | Website:  https://openfoam.org
    \\  /    A nd           | Version:  12
     \\/     M anipulation  |
\*---------------------------------------------------------------------------*/
FoamFile
{
    format      ascii;
    class       faceList;
    location    "constant/polyMesh";
    object      faces;
}
// * * * * * * * * * * * * * * * * * * * * * * * * * * * * * * * * * * * * * //


3048
(
4(55 283 810 319)
4(28 319 810 265)
4(27 265 810 283)
4(1 27 283 55)
4(1 28 265 27)
4(56 287 811 320)
4(319 320 811 810)
4(283 810 811 287)
4(55 283 287 56)
4(57 291 812 321)
4(320 321 812 811)
4(287 811 812 291)
4(56 287 291 57)
4(321 42 268 812)
4(291 812 268 41)
4(5 41 268 42)
4(57 291 41 5)
4(319 810 813 316)
4(29 316 813 266)
4(265 266 813 810)
4(28 29 266 265)
4(320 811 814 317)
4(316 317 814 813)
4(810 813 814 811)
4(321 812 815 318)
4(317 318 815 814)
4(811 814 815 812)
4(318 43 269 815)
4(812 815 269 268)
4(42 268 269 43)
4(316 813 816 313)
4(30 313 816 267)
4(266 267 816 813)
4(29 30 267 266)
4(317 814 817 314)
4(313 314 817 816)
4(813 816 817 814)
4(318 815 818 315)
4(314 315 818 817)
4(814 817 818 815)
4(315 44 270 818)
4(815 818 270 269)
4(43 269 270 44)
4(313 816 303 61)
4(267 34 303 816)
4(2 61 303 34)
4(30 2 34 267)
4(314 817 299 62)
4(816 303 299 817)
4(61 62 299 303)
4(315 818 295 63)
4(817 299 295 818)
4(62 63 295 299)
4(818 295 48 270)
4(44 270 48 6)
4(63 6 48 295)
4(283 282 819 810)
4(265 810 819 262)
4(26 262 819 282)
4(27 26 282 283)
4(27 265 262 26)
4(287 286 820 811)
4(810 811 820 819)
4(282 819 820 286)
4(283 282 286 287)
4(291 290 821 812)
4(811 812 821 820)
4(286 820 821 290)
4(287 286 290 291)
4(812 268 271 821)
4(290 821 271 40)
4(41 40 271 268)
4(291 290 40 41)
4(810 819 822 813)
4(266 813 822 263)
4(262 263 822 819)
4(265 266 263 262)
4(811 820 823 814)
4(813 814 823 822)
4(819 822 823 820)
4(812 821 824 815)
4(814 815 824 823)
4(820 823 824 821)
4(815 269 272 824)
4(821 824 272 271)
4(268 271 272 269)
4(813 822 825 816)
4(267 816 825 264)
4(263 264 825 822)
4(266 267 264 263)
4(814 823 826 817)
4(816 817 826 825)
4(822 825 826 823)
4(815 824 827 818)
4(817 818 827 826)
4(823 826 827 824)
4(818 270 273 827)
4(824 827 273 272)
4(269 272 273 270)
4(816 825 302 303)
4(264 33 302 825)
4(34 303 302 33)
4(267 34 33 264)
4(817 826 298 299)
4(825 302 298 826)
4(303 299 298 302)
4(818 827 294 295)
4(826 298 294 827)
4(299 295 294 298)
4(827 294 47 273)
4(270 273 47 48)
4(295 48 47 294)
4(282 281 828 819)
4(262 819 828 259)
4(25 259 828 281)
4(26 25 281 282)
4(26 262 259 25)
4(286 285 829 820)
4(819 820 829 828)
4(281 828 829 285)
4(282 281 285 286)
4(290 289 830 821)
4(820 821 830 829)
4(285 829 830 289)
4(286 285 289 290)
4(821 271 274 830)
4(289 830 274 39)
4(40 39 274 271)
4(290 289 39 40)
4(819 828 831 822)
4(263 822 831 260)
4(259 260 831 828)
4(262 263 260 259)
4(820 829 832 823)
4(822 823 832 831)
4(828 831 832 829)
4(821 830 833 824)
4(823 824 833 832)
4(829 832 833 830)
4(824 272 275 833)
4(830 833 275 274)
4(271 274 275 272)
4(822 831 834 825)
4(264 825 834 261)
4(260 261 834 831)
4(263 264 261 260)
4(823 832 835 826)
4(825 826 835 834)
4(831 834 835 832)
4(824 833 836 827)
4(826 827 836 835)
4(832 835 836 833)
4(827 273 276 836)
4(833 836 276 275)
4(272 275 276 273)
4(825 834 301 302)
4(261 32 301 834)
4(33 302 301 32)
4(264 33 32 261)
4(826 835 297 298)
4(834 301 297 835)
4(302 298 297 301)
4(827 836 293 294)
4(835 297 293 836)
4(298 294 293 297)
4(836 293 46 276)
4(273 276 46 47)
4(294 47 46 293)
4(281 280 837 828)
4(259 828 837 256)
4(24 256 837 280)
4(25 24 280 281)
4(25 259 256 24)
4(285 284 838 829)
4(828 829 838 837)
4(280 837 838 284)
4(281 280 284 285)
4(289 288 839 830)
4(829 830 839 838)
4(284 838 839 288)
4(285 284 288 289)
4(830 274 277 839)
4(288 839 277 38)
4(39 38 277 274)
4(289 288 38 39)
4(828 837 840 831)
4(260 831 840 257)
4(256 257 840 837)
4(259 260 257 256)
4(829 838 841 832)
4(831 832 841 840)
4(837 840 841 838)
4(830 839 842 833)
4(832 833 842 841)
4(838 841 842 839)
4(833 275 278 842)
4(839 842 278 277)
4(274 277 278 275)
4(831 840 843 834)
4(261 834 843 258)
4(257 258 843 840)
4(260 261 258 257)
4(832 841 844 835)
4(834 835 844 843)
4(840 843 844 841)
4(833 842 845 836)
4(835 836 845 844)
4(841 844 845 842)
4(836 276 279 845)
4(842 845 279 278)
4(275 278 279 276)
4(834 843 300 301)
4(258 31 300 843)
4(32 301 300 31)
4(261 32 31 258)
4(835 844 296 297)
4(843 300 296 844)
4(301 297 296 300)
4(836 845 292 293)
4(844 296 292 845)
4(297 293 292 296)
4(845 292 45 279)
4(276 279 45 46)
4(293 46 45 292)
4(280 52 304 837)
4(256 837 304 35)
4(24 0 52 280)
4(24 256 35 0)
4(284 53 305 838)
4(837 838 305 304)
4(280 52 53 284)
4(288 54 306 839)
4(838 839 306 305)
4(284 53 54 288)
4(839 277 49 306)
4(38 4 49 277)
4(288 54 4 38)
4(837 304 307 840)
4(257 840 307 36)
4(256 257 36 35)
4(838 305 308 841)
4(840 841 308 307)
4(839 306 309 842)
4(841 842 309 308)
4(842 278 50 309)
4(277 49 50 278)
4(840 307 310 843)
4(258 843 310 37)
4(257 258 37 36)
4(841 308 311 844)
4(843 844 311 310)
4(842 309 312 845)
4(844 845 312 311)
4(845 279 51 312)
4(278 50 51 279)
4(843 310 58 300)
4(31 300 58 3)
4(258 31 3 37)
4(844 311 59 296)
4(300 296 59 58)
4(845 312 60 292)
4(296 292 60 59)
4(279 51 7 45)
4(292 45 7 60)
3(77 353 345)
4(87 78 345 353)
4(11 87 353 77)
4(11 77 345 78)
3(76 354 339)
4(353 345 339 354)
4(77 353 354 76)
4(77 76 339 345)
3(75 355 333)
4(354 339 333 355)
4(76 354 355 75)
4(76 75 333 339)
3(74 356 327)
4(355 333 327 356)
4(75 355 356 74)
4(75 74 327 333)
4(356 327 68 86)
4(74 356 86 10)
4(74 10 68 327)
4(345 353 854 344)
4(79 344 854 359)
4(87 359 854 353)
4(78 345 344 79)
4(339 354 855 338)
4(344 338 855 854)
4(353 854 855 354)
4(345 339 338 344)
4(333 355 856 332)
4(338 332 856 855)
4(354 855 856 355)
4(339 333 332 338)
4(327 356 857 326)
4(332 326 857 856)
4(355 856 857 356)
4(333 327 326 332)
4(326 69 350 857)
4(356 857 350 86)
4(327 68 69 326)
4(344 854 850 343)
4(80 343 850 358)
4(359 358 850 854)
4(79 344 343 80)
4(338 855 851 337)
4(343 337 851 850)
4(854 850 851 855)
4(344 338 337 343)
4(332 856 852 331)
4(337 331 852 851)
4(855 851 852 856)
4(338 332 331 337)
4(326 857 853 325)
4(331 325 853 852)
4(856 852 853 857)
4(332 326 325 331)
4(325 70 351 853)
4(857 853 351 350)
4(326 69 70 325)
3(343 850 342)
4(358 81 342 850)
4(80 343 342 81)
3(337 851 336)
4(850 342 336 851)
4(343 337 336 342)
3(331 852 330)
4(851 336 330 852)
4(337 331 330 336)
3(325 853 324)
4(852 330 324 853)
4(331 325 324 330)
4(853 324 71 351)
4(325 70 71 324)
4(342 850 846 341)
4(82 341 846 357)
4(358 357 846 850)
4(81 342 341 82)
4(336 851 847 335)
4(341 335 847 846)
4(850 846 847 851)
4(342 336 335 341)
4(330 852 848 329)
4(335 329 848 847)
4(851 847 848 852)
4(336 330 329 335)
4(324 853 849 323)
4(329 323 849 848)
4(852 848 849 853)
4(330 324 323 329)
4(323 72 352 849)
4(853 849 352 351)
4(324 71 72 323)
4(341 846 346 340)
4(83 340 346 84)
4(357 84 346 846)
4(82 341 340 83)
4(335 847 347 334)
4(340 334 347 346)
4(846 346 347 847)
4(341 335 334 340)
4(329 848 348 328)
4(334 328 348 347)
4(847 347 348 848)
4(335 329 328 334)
4(323 849 349 322)
4(328 322 349 348)
4(848 348 349 849)
4(329 323 322 328)
4(322 73 85 349)
4(849 349 85 352)
4(323 72 73 322)
3(340 346 67)
4(84 9 67 346)
4(83 340 67 9)
3(334 347 66)
4(346 67 66 347)
4(340 334 66 67)
3(328 348 65)
4(347 66 65 348)
4(334 328 65 66)
3(322 349 64)
4(348 65 64 349)
4(328 322 64 65)
4(349 64 8 85)
4(322 73 8 64)
4(48 346 846 270)
4(44 270 846 357)
4(6 84 346 48)
4(47 347 847 273)
4(270 273 847 846)
4(48 346 347 47)
4(46 348 848 276)
4(273 276 848 847)
4(47 347 348 46)
4(45 349 849 279)
4(276 279 849 848)
4(46 348 349 45)
4(279 51 352 849)
4(45 349 85 7)
4(270 846 850 269)
4(43 269 850 358)
4(273 847 851 272)
4(269 272 851 850)
4(276 848 852 275)
4(272 275 852 851)
4(279 849 853 278)
4(275 278 853 852)
4(278 50 351 853)
4(269 850 854 268)
4(42 268 854 359)
4(272 851 855 271)
4(268 271 855 854)
4(275 852 856 274)
4(271 274 856 855)
4(278 853 857 277)
4(274 277 857 856)
4(277 49 350 857)
4(268 854 353 41)
4(5 41 353 87)
4(271 855 354 40)
4(41 40 354 353)
4(274 856 355 39)
4(40 39 355 354)
4(277 857 356 38)
4(39 38 356 355)
4(38 4 86 356)
3(94 390 363)
4(105 103 363 390)
4(13 105 390 94)
4(13 94 363 103)
3(95 389 362)
4(390 363 362 389)
4(94 390 389 95)
4(94 95 362 363)
3(96 388 361)
4(389 362 361 388)
4(95 389 388 96)
4(95 96 361 362)
3(97 387 360)
4(388 361 360 387)
4(96 388 387 97)
4(96 97 360 361)
4(387 360 93 104)
4(97 387 104 12)
4(97 12 93 360)
4(363 390 866 367)
4(102 367 866 393)
4(105 393 866 390)
4(103 363 367 102)
4(362 389 867 366)
4(367 366 867 866)
4(390 866 867 389)
4(363 362 366 367)
4(361 388 868 365)
4(366 365 868 867)
4(389 867 868 388)
4(362 361 365 366)
4(360 387 869 364)
4(365 364 869 868)
4(388 868 869 387)
4(361 360 364 365)
4(364 92 384 869)
4(387 869 384 104)
4(360 93 92 364)
4(367 866 862 371)
4(101 371 862 392)
4(393 392 862 866)
4(102 367 371 101)
4(366 867 863 370)
4(371 370 863 862)
4(866 862 863 867)
4(367 366 370 371)
4(365 868 864 369)
4(370 369 864 863)
4(867 863 864 868)
4(366 365 369 370)
4(364 869 865 368)
4(369 368 865 864)
4(868 864 865 869)
4(365 364 368 369)
4(368 91 385 865)
4(869 865 385 384)
4(364 92 91 368)
3(371 862 375)
4(392 100 375 862)
4(101 371 375 100)
3(370 863 374)
4(862 375 374 863)
4(371 370 374 375)
3(369 864 373)
4(863 374 373 864)
4(370 369 373 374)
3(368 865 372)
4(864 373 372 865)
4(369 368 372 373)
4(865 372 90 385)
4(368 91 90 372)
4(375 862 858 379)
4(99 379 858 391)
4(392 391 858 862)
4(100 375 379 99)
4(374 863 859 378)
4(379 378 859 858)
4(862 858 859 863)
4(375 374 378 379)
4(373 864 860 377)
4(378 377 860 859)
4(863 859 860 864)
4(374 373 377 378)
4(372 865 861 376)
4(377 376 861 860)
4(864 860 861 865)
4(373 372 376 377)
4(376 89 386 861)
4(865 861 386 385)
4(372 90 89 376)
4(379 858 349 383)
4(98 383 349 85)
4(391 85 349 858)
4(99 379 383 98)
4(378 859 348 382)
4(383 382 348 349)
4(858 349 348 859)
4(379 378 382 383)
4(377 860 347 381)
4(382 381 347 348)
4(859 348 347 860)
4(378 377 381 382)
4(376 861 346 380)
4(381 380 346 347)
4(860 347 346 861)
4(377 376 380 381)
4(380 88 84 346)
4(861 346 84 386)
4(376 89 88 380)
3(383 349 64)
4(98 383 64 8)
3(382 348 65)
4(383 382 65 64)
3(381 347 66)
4(382 381 66 65)
3(380 346 67)
4(381 380 67 66)
4(380 88 9 67)
4(45 349 858 292)
4(60 292 858 391)
4(46 348 859 293)
4(292 293 859 858)
4(47 347 860 294)
4(293 294 860 859)
4(48 346 861 295)
4(294 295 861 860)
4(295 63 386 861)
4(292 858 862 296)
4(59 296 862 392)
4(293 859 863 297)
4(296 297 863 862)
4(294 860 864 298)
4(297 298 864 863)
4(295 861 865 299)
4(298 299 865 864)
4(299 62 385 865)
4(296 862 866 300)
4(58 300 866 393)
4(297 863 867 301)
4(300 301 867 866)
4(298 864 868 302)
4(301 302 868 867)
4(299 865 869 303)
4(302 303 869 868)
4(303 61 384 869)
4(300 866 390 31)
4(3 31 390 105)
4(301 867 389 32)
4(31 32 389 390)
4(302 868 388 33)
4(32 33 388 389)
4(303 869 387 34)
4(33 34 387 388)
4(34 2 104 387)
3(115 421 417)
4(123 116 417 421)
4(15 123 421 115)
4(15 115 417 116)
3(114 422 411)
4(421 417 411 422)
4(115 421 422 114)
4(115 114 411 417)
3(113 423 405)
4(422 411 405 423)
4(114 422 423 113)
4(114 113 405 411)
3(112 424 399)
4(423 405 399 424)
4(113 423 424 112)
4(113 112 399 405)
4(424 399 106 122)
4(112 424 122 14)
4(112 14 106 399)
4(417 421 878 416)
4(117 416 878 427)
4(123 427 878 421)
4(116 417 416 117)
4(411 422 879 410)
4(416 410 879 878)
4(421 878 879 422)
4(417 411 410 416)
4(405 423 880 404)
4(410 404 880 879)
4(422 879 880 423)
4(411 405 404 410)
4(399 424 881 398)
4(404 398 881 880)
4(423 880 881 424)
4(405 399 398 404)
4(398 107 418 881)
4(424 881 418 122)
4(399 106 107 398)
4(416 878 874 415)
4(118 415 874 426)
4(427 426 874 878)
4(117 416 415 118)
4(410 879 875 409)
4(415 409 875 874)
4(878 874 875 879)
4(416 410 409 415)
4(404 880 876 403)
4(409 403 876 875)
4(879 875 876 880)
4(410 404 403 409)
4(398 881 877 397)
4(403 397 877 876)
4(880 876 877 881)
4(404 398 397 403)
4(397 108 419 877)
4(881 877 419 418)
4(398 107 108 397)
3(415 874 414)
4(426 119 414 874)
4(118 415 414 119)
3(409 875 408)
4(874 414 408 875)
4(415 409 408 414)
3(403 876 402)
4(875 408 402 876)
4(409 403 402 408)
3(397 877 396)
4(876 402 396 877)
4(403 397 396 402)
4(877 396 109 419)
4(397 108 109 396)
4(414 874 870 413)
4(120 413 870 425)
4(426 425 870 874)
4(119 414 413 120)
4(408 875 871 407)
4(413 407 871 870)
4(874 870 871 875)
4(414 408 407 413)
4(402 876 872 401)
4(407 401 872 871)
4(875 871 872 876)
4(408 402 401 407)
4(396 877 873 395)
4(401 395 873 872)
4(876 872 873 877)
4(402 396 395 401)
4(395 110 420 873)
4(877 873 420 419)
4(396 109 110 395)
4(413 870 353 412)
4(121 412 353 87)
4(425 87 353 870)
4(120 413 412 121)
4(407 871 354 406)
4(412 406 354 353)
4(870 353 354 871)
4(413 407 406 412)
4(401 872 355 400)
4(406 400 355 354)
4(871 354 355 872)
4(407 401 400 406)
4(395 873 356 394)
4(400 394 356 355)
4(872 355 356 873)
4(401 395 394 400)
4(394 111 86 356)
4(873 356 86 420)
4(395 110 111 394)
3(412 353 77)
4(121 412 77 11)
3(406 354 76)
4(412 406 76 77)
3(400 355 75)
4(406 400 75 76)
3(394 356 74)
4(400 394 74 75)
4(394 111 10 74)
4(41 353 870 291)
4(57 291 870 425)
4(40 354 871 290)
4(291 290 871 870)
4(39 355 872 289)
4(290 289 872 871)
4(38 356 873 288)
4(289 288 873 872)
4(288 54 420 873)
4(291 870 874 287)
4(56 287 874 426)
4(290 871 875 286)
4(287 286 875 874)
4(289 872 876 285)
4(286 285 876 875)
4(288 873 877 284)
4(285 284 877 876)
4(284 53 419 877)
4(287 874 878 283)
4(55 283 878 427)
4(286 875 879 282)
4(283 282 879 878)
4(285 876 880 281)
4(282 281 880 879)
4(284 877 881 280)
4(281 280 881 880)
4(280 52 418 881)
4(283 878 421 27)
4(1 27 421 123)
4(282 879 422 26)
4(27 26 422 421)
4(281 880 423 25)
4(26 25 423 422)
4(280 881 424 24)
4(25 24 424 423)
4(24 0 122 424)
3(112 424 431)
4(122 135 431 424)
4(14 112 431 135)
3(113 423 430)
4(424 431 430 423)
4(112 113 430 431)
3(114 422 429)
4(423 430 429 422)
4(113 114 429 430)
3(115 421 428)
4(422 429 428 421)
4(114 115 428 429)
4(421 428 129 123)
4(115 15 129 428)
4(431 424 890 435)
4(134 435 890 457)
4(122 457 890 424)
4(135 431 435 134)
4(430 423 891 434)
4(435 434 891 890)
4(424 890 891 423)
4(431 430 434 435)
4(429 422 892 433)
4(434 433 892 891)
4(423 891 892 422)
4(430 429 433 434)
4(428 421 893 432)
4(433 432 893 892)
4(422 892 893 421)
4(429 428 432 433)
4(432 128 452 893)
4(421 893 452 123)
4(428 129 128 432)
4(435 890 886 439)
4(133 439 886 456)
4(457 456 886 890)
4(134 435 439 133)
4(434 891 887 438)
4(439 438 887 886)
4(890 886 887 891)
4(435 434 438 439)
4(433 892 888 437)
4(438 437 888 887)
4(891 887 888 892)
4(434 433 437 438)
4(432 893 889 436)
4(437 436 889 888)
4(892 888 889 893)
4(433 432 436 437)
4(436 127 453 889)
4(893 889 453 452)
4(432 128 127 436)
3(439 886 443)
4(456 132 443 886)
4(133 439 443 132)
3(438 887 442)
4(886 443 442 887)
4(439 438 442 443)
3(437 888 441)
4(887 442 441 888)
4(438 437 441 442)
3(436 889 440)
4(888 441 440 889)
4(437 436 440 441)
4(889 440 126 453)
4(436 127 126 440)
4(443 886 882 447)
4(131 447 882 455)
4(456 455 882 886)
4(132 443 447 131)
4(442 887 883 446)
4(447 446 883 882)
4(886 882 883 887)
4(443 442 446 447)
4(441 888 884 445)
4(446 445 884 883)
4(887 883 884 888)
4(442 441 445 446)
4(440 889 885 444)
4(445 444 885 884)
4(888 884 885 889)
4(441 440 444 445)
4(444 125 454 885)
4(889 885 454 453)
4(440 126 125 444)
4(447 882 390 451)
4(130 451 390 105)
4(455 105 390 882)
4(131 447 451 130)
4(446 883 389 450)
4(451 450 389 390)
4(882 390 389 883)
4(447 446 450 451)
4(445 884 388 449)
4(450 449 388 389)
4(883 389 388 884)
4(446 445 449 450)
4(444 885 387 448)
4(449 448 387 388)
4(884 388 387 885)
4(445 444 448 449)
4(448 124 104 387)
4(885 387 104 454)
4(444 125 124 448)
3(451 390 94)
4(130 451 94 13)
3(450 389 95)
4(451 450 95 94)
3(449 388 96)
4(450 449 96 95)
3(448 387 97)
4(449 448 97 96)
4(448 124 12 97)
4(31 390 882 258)
4(37 258 882 455)
4(32 389 883 261)
4(258 261 883 882)
4(33 388 884 264)
4(261 264 884 883)
4(34 387 885 267)
4(264 267 885 884)
4(267 30 454 885)
4(258 882 886 257)
4(36 257 886 456)
4(261 883 887 260)
4(257 260 887 886)
4(264 884 888 263)
4(260 263 888 887)
4(267 885 889 266)
4(263 266 889 888)
4(266 29 453 889)
4(257 886 890 256)
4(35 256 890 457)
4(260 887 891 259)
4(256 259 891 890)
4(263 888 892 262)
4(259 262 892 891)
4(266 889 893 265)
4(262 265 893 892)
4(265 28 452 893)
4(256 890 424 24)
4(259 891 423 25)
4(262 892 422 26)
4(265 893 421 27)
3(136 509 458)
4(169 154 458 509)
4(16 169 509 136)
3(137 508 468)
4(509 458 468 508)
4(136 509 508 137)
3(138 507 478)
4(508 468 478 507)
4(137 508 507 138)
3(139 506 488)
4(507 478 488 506)
4(138 507 506 139)
4(506 488 140 166)
4(139 506 166 17)
4(458 509 914 459)
4(155 459 914 545)
4(169 545 914 509)
4(468 508 915 469)
4(459 469 915 914)
4(509 914 915 508)
4(478 507 916 479)
4(469 479 916 915)
4(508 915 916 507)
4(488 506 917 489)
4(479 489 917 916)
4(507 916 917 506)
4(489 141 510 917)
4(506 917 510 166)
4(459 914 910 460)
4(156 460 910 544)
4(545 544 910 914)
4(469 915 911 470)
4(460 470 911 910)
4(914 910 911 915)
4(479 916 912 480)
4(470 480 912 911)
4(915 911 912 916)
4(489 917 913 490)
4(480 490 913 912)
4(916 912 913 917)
4(490 142 511 913)
4(917 913 511 510)
3(460 910 461)
4(544 157 461 910)
3(470 911 471)
4(910 461 471 911)
3(480 912 481)
4(911 471 481 912)
3(490 913 491)
4(912 481 491 913)
4(913 491 143 511)
4(461 910 906 462)
4(158 462 906 543)
4(544 543 906 910)
4(471 911 907 472)
4(462 472 907 906)
4(910 906 907 911)
4(481 912 908 482)
4(472 482 908 907)
4(911 907 908 912)
4(491 913 909 492)
4(482 492 909 908)
4(912 908 909 913)
4(492 144 512 909)
4(913 909 512 511)
4(462 906 902 463)
4(159 463 902 542)
4(543 542 902 906)
4(472 907 903 473)
4(463 473 903 902)
4(906 902 903 907)
4(482 908 904 483)
4(473 483 904 903)
4(907 903 904 908)
4(492 909 905 493)
4(483 493 905 904)
4(908 904 905 909)
4(493 145 513 905)
4(909 905 513 512)
4(463 902 898 464)
4(160 464 898 541)
4(542 541 898 902)
4(473 903 899 474)
4(464 474 899 898)
4(902 898 899 903)
4(483 904 900 484)
4(474 484 900 899)
4(903 899 900 904)
4(493 905 901 494)
4(484 494 901 900)
4(904 900 901 905)
4(494 146 514 901)
4(905 901 514 513)
3(464 898 465)
4(541 161 465 898)
3(474 899 475)
4(898 465 475 899)
3(484 900 485)
4(899 475 485 900)
3(494 901 495)
4(900 485 495 901)
4(901 495 147 514)
4(465 898 894 466)
4(162 466 894 540)
4(541 540 894 898)
4(475 899 895 476)
4(466 476 895 894)
4(898 894 895 899)
4(485 900 896 486)
4(476 486 896 895)
4(899 895 896 900)
4(495 901 897 496)
4(486 496 897 896)
4(900 896 897 901)
4(496 148 515 897)
4(901 897 515 514)
4(466 894 531 467)
4(163 467 531 175)
4(540 175 531 894)
4(476 895 530 477)
4(467 477 530 531)
4(894 531 530 895)
4(486 896 529 487)
4(477 487 529 530)
4(895 530 529 896)
4(496 897 528 497)
4(487 497 528 529)
4(896 529 528 897)
4(497 149 172 528)
4(897 528 172 515)
3(467 531 150)
4(175 19 150 531)
3(477 530 151)
4(531 150 151 530)
3(487 529 152)
4(530 151 152 529)
3(497 528 153)
4(529 152 153 528)
4(528 153 18 172)
4(94 539 918 451)
4(173 546 918 539)
4(130 451 918 546)
4(13 173 539 94)
4(95 538 919 450)
4(539 918 919 538)
4(451 450 919 918)
4(94 539 538 95)
4(96 537 920 449)
4(538 919 920 537)
4(450 449 920 919)
4(95 538 537 96)
4(97 536 921 448)
4(537 920 921 536)
4(449 448 921 920)
4(96 537 536 97)
4(536 921 526 170)
4(448 124 526 921)
4(97 536 170 12)
4(539 535 922 918)
4(174 547 922 535)
4(546 918 922 547)
4(173 174 535 539)
4(538 534 923 919)
4(535 922 923 534)
4(918 919 923 922)
4(539 535 534 538)
4(537 533 924 920)
4(534 923 924 533)
4(919 920 924 923)
4(538 534 533 537)
4(536 532 925 921)
4(533 924 925 532)
4(920 921 925 924)
4(537 533 532 536)
4(532 925 527 171)
4(921 526 527 925)
4(536 532 171 170)
4(535 531 894 922)
4(547 922 894 540)
4(174 175 531 535)
4(534 530 895 923)
4(922 923 895 894)
4(535 531 530 534)
4(533 529 896 924)
4(923 924 896 895)
4(534 530 529 533)
4(532 528 897 925)
4(924 925 897 896)
4(533 529 528 532)
4(925 527 515 897)
4(532 528 172 171)
4(451 918 926 447)
4(546 548 926 918)
4(131 447 926 548)
4(450 919 927 446)
4(918 926 927 919)
4(447 446 927 926)
4(449 920 928 445)
4(919 927 928 920)
4(446 445 928 927)
4(448 921 929 444)
4(920 928 929 921)
4(445 444 929 928)
4(921 929 524 526)
4(444 125 524 929)
4(918 922 930 926)
4(547 549 930 922)
4(548 926 930 549)
4(919 923 931 927)
4(922 930 931 923)
4(926 927 931 930)
4(920 924 932 928)
4(923 931 932 924)
4(927 928 932 931)
4(921 925 933 929)
4(924 932 933 925)
4(928 929 933 932)
4(925 933 525 527)
4(929 524 525 933)
4(922 894 898 930)
4(549 930 898 541)
4(923 895 899 931)
4(930 931 899 898)
4(924 896 900 932)
4(931 932 900 899)
4(925 897 901 933)
4(932 933 901 900)
4(933 525 514 901)
4(447 926 934 443)
4(548 550 934 926)
4(132 443 934 550)
4(446 927 935 442)
4(926 934 935 927)
4(443 442 935 934)
4(445 928 936 441)
4(927 935 936 928)
4(442 441 936 935)
4(444 929 937 440)
4(928 936 937 929)
4(441 440 937 936)
4(929 937 522 524)
4(440 126 522 937)
4(926 930 938 934)
4(549 551 938 930)
4(550 934 938 551)
4(927 931 939 935)
4(930 938 939 931)
4(934 935 939 938)
4(928 932 940 936)
4(931 939 940 932)
4(935 936 940 939)
4(929 933 941 937)
4(932 940 941 933)
4(936 937 941 940)
4(933 941 523 525)
4(937 522 523 941)
4(930 898 902 938)
4(551 938 902 542)
4(931 899 903 939)
4(938 939 903 902)
4(932 900 904 940)
4(939 940 904 903)
4(933 901 905 941)
4(940 941 905 904)
4(941 523 513 905)
4(443 934 942 439)
4(550 552 942 934)
4(133 439 942 552)
4(442 935 943 438)
4(934 942 943 935)
4(439 438 943 942)
4(441 936 944 437)
4(935 943 944 936)
4(438 437 944 943)
4(440 937 945 436)
4(936 944 945 937)
4(437 436 945 944)
4(937 945 520 522)
4(436 127 520 945)
4(934 938 946 942)
4(551 553 946 938)
4(552 942 946 553)
4(935 939 947 943)
4(938 946 947 939)
4(942 943 947 946)
4(936 940 948 944)
4(939 947 948 940)
4(943 944 948 947)
4(937 941 949 945)
4(940 948 949 941)
4(944 945 949 948)
4(941 949 521 523)
4(945 520 521 949)
4(938 902 906 946)
4(553 946 906 543)
4(939 903 907 947)
4(946 947 907 906)
4(940 904 908 948)
4(947 948 908 907)
4(941 905 909 949)
4(948 949 909 908)
4(949 521 512 909)
4(439 942 950 435)
4(552 554 950 942)
4(134 435 950 554)
4(438 943 951 434)
4(942 950 951 943)
4(435 434 951 950)
4(437 944 952 433)
4(943 951 952 944)
4(434 433 952 951)
4(436 945 953 432)
4(944 952 953 945)
4(433 432 953 952)
4(945 953 518 520)
4(432 128 518 953)
4(942 946 954 950)
4(553 555 954 946)
4(554 950 954 555)
4(943 947 955 951)
4(946 954 955 947)
4(950 951 955 954)
4(944 948 956 952)
4(947 955 956 948)
4(951 952 956 955)
4(945 949 957 953)
4(948 956 957 949)
4(952 953 957 956)
4(949 957 519 521)
4(953 518 519 957)
4(946 906 910 954)
4(555 954 910 544)
4(947 907 911 955)
4(954 955 911 910)
4(948 908 912 956)
4(955 956 912 911)
4(949 909 913 957)
4(956 957 913 912)
4(957 519 511 913)
4(435 950 958 431)
4(554 556 958 950)
4(135 431 958 556)
4(434 951 959 430)
4(950 958 959 951)
4(431 430 959 958)
4(433 952 960 429)
4(951 959 960 952)
4(430 429 960 959)
4(432 953 961 428)
4(952 960 961 953)
4(429 428 961 960)
4(953 961 516 518)
4(428 129 516 961)
4(950 954 962 958)
4(555 557 962 954)
4(556 958 962 557)
4(951 955 963 959)
4(954 962 963 955)
4(958 959 963 962)
4(952 956 964 960)
4(955 963 964 956)
4(959 960 964 963)
4(953 957 965 961)
4(956 964 965 957)
4(960 961 965 964)
4(957 965 517 519)
4(961 516 517 965)
4(954 910 914 962)
4(557 962 914 545)
4(955 911 915 963)
4(962 963 915 914)
4(956 912 916 964)
4(963 964 916 915)
4(957 913 917 965)
4(964 965 917 916)
4(965 517 510 917)
4(431 958 501 112)
4(556 167 501 958)
4(14 112 501 167)
4(430 959 500 113)
4(958 501 500 959)
4(112 113 500 501)
4(429 960 499 114)
4(959 500 499 960)
4(113 114 499 500)
4(428 961 498 115)
4(960 499 498 961)
4(114 115 498 499)
4(961 498 164 516)
4(115 15 164 498)
4(958 962 505 501)
4(557 168 505 962)
4(167 501 505 168)
4(959 963 504 500)
4(962 505 504 963)
4(501 500 504 505)
4(960 964 503 499)
4(963 504 503 964)
4(500 499 503 504)
4(961 965 502 498)
4(964 503 502 965)
4(499 498 502 503)
4(965 502 165 517)
4(498 164 165 502)
4(962 914 509 505)
4(168 505 509 169)
4(963 915 508 504)
4(505 504 508 509)
4(964 916 507 503)
4(504 503 507 508)
4(965 917 506 502)
4(503 502 506 507)
4(502 165 166 506)
3(139 506 561)
4(166 190 561 506)
3(138 507 560)
4(506 561 560 507)
3(137 508 559)
4(507 560 559 508)
3(136 509 558)
4(508 559 558 509)
4(509 558 176 169)
4(561 506 986 565)
4(191 565 986 633)
4(166 633 986 506)
4(560 507 987 564)
4(565 564 987 986)
4(506 986 987 507)
4(559 508 988 563)
4(564 563 988 987)
4(507 987 988 508)
4(558 509 989 562)
4(563 562 989 988)
4(508 988 989 509)
4(562 177 598 989)
4(509 989 598 169)
4(565 986 982 569)
4(192 569 982 632)
4(633 632 982 986)
4(564 987 983 568)
4(569 568 983 982)
4(986 982 983 987)
4(563 988 984 567)
4(568 567 984 983)
4(987 983 984 988)
4(562 989 985 566)
4(567 566 985 984)
4(988 984 985 989)
4(566 178 599 985)
4(989 985 599 598)
3(569 982 573)
4(632 193 573 982)
3(568 983 572)
4(982 573 572 983)
3(567 984 571)
4(983 572 571 984)
3(566 985 570)
4(984 571 570 985)
4(985 570 179 599)
4(573 982 978 577)
4(194 577 978 631)
4(632 631 978 982)
4(572 983 979 576)
4(577 576 979 978)
4(982 978 979 983)
4(571 984 980 575)
4(576 575 980 979)
4(983 979 980 984)
4(570 985 981 574)
4(575 574 981 980)
4(984 980 981 985)
4(574 180 600 981)
4(985 981 600 599)
4(577 978 974 581)
4(195 581 974 630)
4(631 630 974 978)
4(576 979 975 580)
4(581 580 975 974)
4(978 974 975 979)
4(575 980 976 579)
4(580 579 976 975)
4(979 975 976 980)
4(574 981 977 578)
4(579 578 977 976)
4(980 976 977 981)
4(578 181 601 977)
4(981 977 601 600)
4(581 974 970 585)
4(196 585 970 629)
4(630 629 970 974)
4(580 975 971 584)
4(585 584 971 970)
4(974 970 971 975)
4(579 976 972 583)
4(584 583 972 971)
4(975 971 972 976)
4(578 977 973 582)
4(583 582 973 972)
4(976 972 973 977)
4(582 182 602 973)
4(977 973 602 601)
3(585 970 589)
4(629 197 589 970)
3(584 971 588)
4(970 589 588 971)
3(583 972 587)
4(971 588 587 972)
3(582 973 586)
4(972 587 586 973)
4(973 586 183 602)
4(589 970 966 593)
4(198 593 966 628)
4(629 628 966 970)
4(588 971 967 592)
4(593 592 967 966)
4(970 966 967 971)
4(587 972 968 591)
4(592 591 968 967)
4(971 967 968 972)
4(586 973 969 590)
4(591 590 969 968)
4(972 968 969 973)
4(590 184 603 969)
4(973 969 603 602)
4(593 966 624 597)
4(199 597 624 205)
4(628 205 624 966)
4(592 967 625 596)
4(597 596 625 624)
4(966 624 625 967)
4(591 968 626 595)
4(596 595 626 625)
4(967 625 626 968)
4(590 969 627 594)
4(595 594 627 626)
4(968 626 627 969)
4(594 185 202 627)
4(969 627 202 603)
3(597 624 189)
4(205 21 189 624)
3(596 625 188)
4(624 189 188 625)
3(595 626 187)
4(625 188 187 626)
3(594 627 186)
4(626 187 186 627)
4(627 186 20 202)
4(77 616 990 412)
4(203 634 990 616)
4(121 412 990 634)
4(11 203 616 77)
4(76 617 991 406)
4(616 990 991 617)
4(412 406 991 990)
4(77 616 617 76)
4(75 618 992 400)
4(617 991 992 618)
4(406 400 992 991)
4(76 617 618 75)
4(74 619 993 394)
4(618 992 993 619)
4(400 394 993 992)
4(75 618 619 74)
4(619 993 614 200)
4(394 111 614 993)
4(74 619 200 10)
4(616 620 994 990)
4(204 635 994 620)
4(634 990 994 635)
4(203 204 620 616)
4(617 621 995 991)
4(620 994 995 621)
4(990 991 995 994)
4(616 620 621 617)
4(618 622 996 992)
4(621 995 996 622)
4(991 992 996 995)
4(617 621 622 618)
4(619 623 997 993)
4(622 996 997 623)
4(992 993 997 996)
4(618 622 623 619)
4(623 997 615 201)
4(993 614 615 997)
4(619 623 201 200)
4(620 624 966 994)
4(635 994 966 628)
4(204 205 624 620)
4(621 625 967 995)
4(994 995 967 966)
4(620 624 625 621)
4(622 626 968 996)
4(995 996 968 967)
4(621 625 626 622)
4(623 627 969 997)
4(996 997 969 968)
4(622 626 627 623)
4(997 615 603 969)
4(623 627 202 201)
4(412 990 998 413)
4(634 636 998 990)
4(120 413 998 636)
4(406 991 999 407)
4(990 998 999 991)
4(413 407 999 998)
4(400 992 1000 401)
4(991 999 1000 992)
4(407 401 1000 999)
4(394 993 1001 395)
4(992 1000 1001 993)
4(401 395 1001 1000)
4(993 1001 612 614)
4(395 110 612 1001)
4(990 994 1002 998)
4(635 637 1002 994)
4(636 998 1002 637)
4(991 995 1003 999)
4(994 1002 1003 995)
4(998 999 1003 1002)
4(992 996 1004 1000)
4(995 1003 1004 996)
4(999 1000 1004 1003)
4(993 997 1005 1001)
4(996 1004 1005 997)
4(1000 1001 1005 1004)
4(997 1005 613 615)
4(1001 612 613 1005)
4(994 966 970 1002)
4(637 1002 970 629)
4(995 967 971 1003)
4(1002 1003 971 970)
4(996 968 972 1004)
4(1003 1004 972 971)
4(997 969 973 1005)
4(1004 1005 973 972)
4(1005 613 602 973)
4(413 998 1006 414)
4(636 638 1006 998)
4(119 414 1006 638)
4(407 999 1007 408)
4(998 1006 1007 999)
4(414 408 1007 1006)
4(401 1000 1008 402)
4(999 1007 1008 1000)
4(408 402 1008 1007)
4(395 1001 1009 396)
4(1000 1008 1009 1001)
4(402 396 1009 1008)
4(1001 1009 610 612)
4(396 109 610 1009)
4(998 1002 1010 1006)
4(637 639 1010 1002)
4(638 1006 1010 639)
4(999 1003 1011 1007)
4(1002 1010 1011 1003)
4(1006 1007 1011 1010)
4(1000 1004 1012 1008)
4(1003 1011 1012 1004)
4(1007 1008 1012 1011)
4(1001 1005 1013 1009)
4(1004 1012 1013 1005)
4(1008 1009 1013 1012)
4(1005 1013 611 613)
4(1009 610 611 1013)
4(1002 970 974 1010)
4(639 1010 974 630)
4(1003 971 975 1011)
4(1010 1011 975 974)
4(1004 972 976 1012)
4(1011 1012 976 975)
4(1005 973 977 1013)
4(1012 1013 977 976)
4(1013 611 601 977)
4(414 1006 1014 415)
4(638 640 1014 1006)
4(118 415 1014 640)
4(408 1007 1015 409)
4(1006 1014 1015 1007)
4(415 409 1015 1014)
4(402 1008 1016 403)
4(1007 1015 1016 1008)
4(409 403 1016 1015)
4(396 1009 1017 397)
4(1008 1016 1017 1009)
4(403 397 1017 1016)
4(1009 1017 608 610)
4(397 108 608 1017)
4(1006 1010 1018 1014)
4(639 641 1018 1010)
4(640 1014 1018 641)
4(1007 1011 1019 1015)
4(1010 1018 1019 1011)
4(1014 1015 1019 1018)
4(1008 1012 1020 1016)
4(1011 1019 1020 1012)
4(1015 1016 1020 1019)
4(1009 1013 1021 1017)
4(1012 1020 1021 1013)
4(1016 1017 1021 1020)
4(1013 1021 609 611)
4(1017 608 609 1021)
4(1010 974 978 1018)
4(641 1018 978 631)
4(1011 975 979 1019)
4(1018 1019 979 978)
4(1012 976 980 1020)
4(1019 1020 980 979)
4(1013 977 981 1021)
4(1020 1021 981 980)
4(1021 609 600 981)
4(415 1014 1022 416)
4(640 642 1022 1014)
4(117 416 1022 642)
4(409 1015 1023 410)
4(1014 1022 1023 1015)
4(416 410 1023 1022)
4(403 1016 1024 404)
4(1015 1023 1024 1016)
4(410 404 1024 1023)
4(397 1017 1025 398)
4(1016 1024 1025 1017)
4(404 398 1025 1024)
4(1017 1025 606 608)
4(398 107 606 1025)
4(1014 1018 1026 1022)
4(641 643 1026 1018)
4(642 1022 1026 643)
4(1015 1019 1027 1023)
4(1018 1026 1027 1019)
4(1022 1023 1027 1026)
4(1016 1020 1028 1024)
4(1019 1027 1028 1020)
4(1023 1024 1028 1027)
4(1017 1021 1029 1025)
4(1020 1028 1029 1021)
4(1024 1025 1029 1028)
4(1021 1029 607 609)
4(1025 606 607 1029)
4(1018 978 982 1026)
4(643 1026 982 632)
4(1019 979 983 1027)
4(1026 1027 983 982)
4(1020 980 984 1028)
4(1027 1028 984 983)
4(1021 981 985 1029)
4(1028 1029 985 984)
4(1029 607 599 985)
4(416 1022 1030 417)
4(642 644 1030 1022)
4(116 417 1030 644)
4(410 1023 1031 411)
4(1022 1030 1031 1023)
4(417 411 1031 1030)
4(404 1024 1032 405)
4(1023 1031 1032 1024)
4(411 405 1032 1031)
4(398 1025 1033 399)
4(1024 1032 1033 1025)
4(405 399 1033 1032)
4(1025 1033 604 606)
4(399 106 604 1033)
4(1022 1026 1034 1030)
4(643 645 1034 1026)
4(644 1030 1034 645)
4(1023 1027 1035 1031)
4(1026 1034 1035 1027)
4(1030 1031 1035 1034)
4(1024 1028 1036 1032)
4(1027 1035 1036 1028)
4(1031 1032 1036 1035)
4(1025 1029 1037 1033)
4(1028 1036 1037 1029)
4(1032 1033 1037 1036)
4(1029 1037 605 607)
4(1033 604 605 1037)
4(1026 982 986 1034)
4(645 1034 986 633)
4(1027 983 987 1035)
4(1034 1035 987 986)
4(1028 984 988 1036)
4(1035 1036 988 987)
4(1029 985 989 1037)
4(1036 1037 989 988)
4(1037 605 598 989)
4(417 1030 498 115)
4(644 164 498 1030)
4(411 1031 499 114)
4(1030 498 499 1031)
4(405 1032 500 113)
4(1031 499 500 1032)
4(399 1033 501 112)
4(1032 500 501 1033)
4(1033 501 167 604)
4(1030 1034 502 498)
4(645 165 502 1034)
4(1031 1035 503 499)
4(1034 502 503 1035)
4(1032 1036 504 500)
4(1035 503 504 1036)
4(1033 1037 505 501)
4(1036 504 505 1037)
4(1037 505 168 605)
4(1034 986 506 502)
4(1035 987 507 503)
4(1036 988 508 504)
4(1037 989 509 505)
3(219 704 649)
4(235 229 649 704)
4(23 235 704 219)
3(218 705 648)
4(704 649 648 705)
4(219 704 705 218)
3(217 706 647)
4(705 648 647 706)
4(218 705 706 217)
3(216 707 646)
4(706 647 646 707)
4(217 706 707 216)
4(707 646 215 232)
4(216 707 232 22)
4(649 704 1058 653)
4(228 653 1058 721)
4(235 721 1058 704)
4(648 705 1059 652)
4(653 652 1059 1058)
4(704 1058 1059 705)
4(647 706 1060 651)
4(652 651 1060 1059)
4(705 1059 1060 706)
4(646 707 1061 650)
4(651 650 1061 1060)
4(706 1060 1061 707)
4(650 214 686 1061)
4(707 1061 686 232)
4(653 1058 1054 657)
4(227 657 1054 720)
4(721 720 1054 1058)
4(652 1059 1055 656)
4(657 656 1055 1054)
4(1058 1054 1055 1059)
4(651 1060 1056 655)
4(656 655 1056 1055)
4(1059 1055 1056 1060)
4(650 1061 1057 654)
4(655 654 1057 1056)
4(1060 1056 1057 1061)
4(654 213 687 1057)
4(1061 1057 687 686)
3(657 1054 661)
4(720 226 661 1054)
3(656 1055 660)
4(1054 661 660 1055)
3(655 1056 659)
4(1055 660 659 1056)
3(654 1057 658)
4(1056 659 658 1057)
4(1057 658 212 687)
4(661 1054 1050 665)
4(225 665 1050 719)
4(720 719 1050 1054)
4(660 1055 1051 664)
4(665 664 1051 1050)
4(1054 1050 1051 1055)
4(659 1056 1052 663)
4(664 663 1052 1051)
4(1055 1051 1052 1056)
4(658 1057 1053 662)
4(663 662 1053 1052)
4(1056 1052 1053 1057)
4(662 211 688 1053)
4(1057 1053 688 687)
4(665 1050 1046 669)
4(224 669 1046 718)
4(719 718 1046 1050)
4(664 1051 1047 668)
4(669 668 1047 1046)
4(1050 1046 1047 1051)
4(663 1052 1048 667)
4(668 667 1048 1047)
4(1051 1047 1048 1052)
4(662 1053 1049 666)
4(667 666 1049 1048)
4(1052 1048 1049 1053)
4(666 210 689 1049)
4(1053 1049 689 688)
4(669 1046 1042 673)
4(223 673 1042 717)
4(718 717 1042 1046)
4(668 1047 1043 672)
4(673 672 1043 1042)
4(1046 1042 1043 1047)
4(667 1048 1044 671)
4(672 671 1044 1043)
4(1047 1043 1044 1048)
4(666 1049 1045 670)
4(671 670 1045 1044)
4(1048 1044 1045 1049)
4(670 209 690 1045)
4(1049 1045 690 689)
3(673 1042 677)
4(717 222 677 1042)
3(672 1043 676)
4(1042 677 676 1043)
3(671 1044 675)
4(1043 676 675 1044)
3(670 1045 674)
4(1044 675 674 1045)
4(1045 674 208 690)
4(677 1042 1038 681)
4(221 681 1038 716)
4(717 716 1038 1042)
4(676 1043 1039 680)
4(681 680 1039 1038)
4(1042 1038 1039 1043)
4(675 1044 1040 679)
4(680 679 1040 1039)
4(1043 1039 1040 1044)
4(674 1045 1041 678)
4(679 678 1041 1040)
4(1044 1040 1041 1045)
4(678 207 691 1041)
4(1045 1041 691 690)
4(681 1038 528 685)
4(220 685 528 172)
4(716 172 528 1038)
4(680 1039 529 684)
4(685 684 529 528)
4(1038 528 529 1039)
4(679 1040 530 683)
4(684 683 530 529)
4(1039 529 530 1040)
4(678 1041 531 682)
4(683 682 531 530)
4(1040 530 531 1041)
4(682 206 175 531)
4(1041 531 175 691)
3(685 528 153)
3(684 529 152)
3(683 530 151)
3(682 531 150)
4(97 536 1062 360)
4(170 722 1062 536)
4(93 360 1062 722)
4(96 537 1063 361)
4(536 1062 1063 537)
4(360 361 1063 1062)
4(95 538 1064 362)
4(537 1063 1064 538)
4(361 362 1064 1063)
4(94 539 1065 363)
4(538 1064 1065 539)
4(362 363 1065 1064)
4(539 1065 702 173)
4(363 103 702 1065)
4(536 532 1066 1062)
4(171 723 1066 532)
4(722 1062 1066 723)
4(537 533 1067 1063)
4(532 1066 1067 533)
4(1062 1063 1067 1066)
4(538 534 1068 1064)
4(533 1067 1068 534)
4(1063 1064 1068 1067)
4(539 535 1069 1065)
4(534 1068 1069 535)
4(1064 1065 1069 1068)
4(535 1069 703 174)
4(1065 702 703 1069)
4(532 528 1038 1066)
4(723 1066 1038 716)
4(533 529 1039 1067)
4(1066 1067 1039 1038)
4(534 530 1040 1068)
4(1067 1068 1040 1039)
4(535 531 1041 1069)
4(1068 1069 1041 1040)
4(1069 703 691 1041)
4(360 1062 1070 364)
4(722 724 1070 1062)
4(92 364 1070 724)
4(361 1063 1071 365)
4(1062 1070 1071 1063)
4(364 365 1071 1070)
4(362 1064 1072 366)
4(1063 1071 1072 1064)
4(365 366 1072 1071)
4(363 1065 1073 367)
4(1064 1072 1073 1065)
4(366 367 1073 1072)
4(1065 1073 700 702)
4(367 102 700 1073)
4(1062 1066 1074 1070)
4(723 725 1074 1066)
4(724 1070 1074 725)
4(1063 1067 1075 1071)
4(1066 1074 1075 1067)
4(1070 1071 1075 1074)
4(1064 1068 1076 1072)
4(1067 1075 1076 1068)
4(1071 1072 1076 1075)
4(1065 1069 1077 1073)
4(1068 1076 1077 1069)
4(1072 1073 1077 1076)
4(1069 1077 701 703)
4(1073 700 701 1077)
4(1066 1038 1042 1074)
4(725 1074 1042 717)
4(1067 1039 1043 1075)
4(1074 1075 1043 1042)
4(1068 1040 1044 1076)
4(1075 1076 1044 1043)
4(1069 1041 1045 1077)
4(1076 1077 1045 1044)
4(1077 701 690 1045)
4(364 1070 1078 368)
4(724 726 1078 1070)
4(91 368 1078 726)
4(365 1071 1079 369)
4(1070 1078 1079 1071)
4(368 369 1079 1078)
4(366 1072 1080 370)
4(1071 1079 1080 1072)
4(369 370 1080 1079)
4(367 1073 1081 371)
4(1072 1080 1081 1073)
4(370 371 1081 1080)
4(1073 1081 698 700)
4(371 101 698 1081)
4(1070 1074 1082 1078)
4(725 727 1082 1074)
4(726 1078 1082 727)
4(1071 1075 1083 1079)
4(1074 1082 1083 1075)
4(1078 1079 1083 1082)
4(1072 1076 1084 1080)
4(1075 1083 1084 1076)
4(1079 1080 1084 1083)
4(1073 1077 1085 1081)
4(1076 1084 1085 1077)
4(1080 1081 1085 1084)
4(1077 1085 699 701)
4(1081 698 699 1085)
4(1074 1042 1046 1082)
4(727 1082 1046 718)
4(1075 1043 1047 1083)
4(1082 1083 1047 1046)
4(1076 1044 1048 1084)
4(1083 1084 1048 1047)
4(1077 1045 1049 1085)
4(1084 1085 1049 1048)
4(1085 699 689 1049)
4(368 1078 1086 372)
4(726 728 1086 1078)
4(90 372 1086 728)
4(369 1079 1087 373)
4(1078 1086 1087 1079)
4(372 373 1087 1086)
4(370 1080 1088 374)
4(1079 1087 1088 1080)
4(373 374 1088 1087)
4(371 1081 1089 375)
4(1080 1088 1089 1081)
4(374 375 1089 1088)
4(1081 1089 696 698)
4(375 100 696 1089)
4(1078 1082 1090 1086)
4(727 729 1090 1082)
4(728 1086 1090 729)
4(1079 1083 1091 1087)
4(1082 1090 1091 1083)
4(1086 1087 1091 1090)
4(1080 1084 1092 1088)
4(1083 1091 1092 1084)
4(1087 1088 1092 1091)
4(1081 1085 1093 1089)
4(1084 1092 1093 1085)
4(1088 1089 1093 1092)
4(1085 1093 697 699)
4(1089 696 697 1093)
4(1082 1046 1050 1090)
4(729 1090 1050 719)
4(1083 1047 1051 1091)
4(1090 1091 1051 1050)
4(1084 1048 1052 1092)
4(1091 1092 1052 1051)
4(1085 1049 1053 1093)
4(1092 1093 1053 1052)
4(1093 697 688 1053)
4(372 1086 1094 376)
4(728 730 1094 1086)
4(89 376 1094 730)
4(373 1087 1095 377)
4(1086 1094 1095 1087)
4(376 377 1095 1094)
4(374 1088 1096 378)
4(1087 1095 1096 1088)
4(377 378 1096 1095)
4(375 1089 1097 379)
4(1088 1096 1097 1089)
4(378 379 1097 1096)
4(1089 1097 694 696)
4(379 99 694 1097)
4(1086 1090 1098 1094)
4(729 731 1098 1090)
4(730 1094 1098 731)
4(1087 1091 1099 1095)
4(1090 1098 1099 1091)
4(1094 1095 1099 1098)
4(1088 1092 1100 1096)
4(1091 1099 1100 1092)
4(1095 1096 1100 1099)
4(1089 1093 1101 1097)
4(1092 1100 1101 1093)
4(1096 1097 1101 1100)
4(1093 1101 695 697)
4(1097 694 695 1101)
4(1090 1050 1054 1098)
4(731 1098 1054 720)
4(1091 1051 1055 1099)
4(1098 1099 1055 1054)
4(1092 1052 1056 1100)
4(1099 1100 1056 1055)
4(1093 1053 1057 1101)
4(1100 1101 1057 1056)
4(1101 695 687 1057)
4(376 1094 1102 380)
4(730 732 1102 1094)
4(88 380 1102 732)
4(377 1095 1103 381)
4(1094 1102 1103 1095)
4(380 381 1103 1102)
4(378 1096 1104 382)
4(1095 1103 1104 1096)
4(381 382 1104 1103)
4(379 1097 1105 383)
4(1096 1104 1105 1097)
4(382 383 1105 1104)
4(1097 1105 692 694)
4(383 98 692 1105)
4(1094 1098 1106 1102)
4(731 733 1106 1098)
4(732 1102 1106 733)
4(1095 1099 1107 1103)
4(1098 1106 1107 1099)
4(1102 1103 1107 1106)
4(1096 1100 1108 1104)
4(1099 1107 1108 1100)
4(1103 1104 1108 1107)
4(1097 1101 1109 1105)
4(1100 1108 1109 1101)
4(1104 1105 1109 1108)
4(1101 1109 693 695)
4(1105 692 693 1109)
4(1098 1054 1058 1106)
4(733 1106 1058 721)
4(1099 1055 1059 1107)
4(1106 1107 1059 1058)
4(1100 1056 1060 1108)
4(1107 1108 1060 1059)
4(1101 1057 1061 1109)
4(1108 1109 1061 1060)
4(1109 693 686 1061)
4(380 1102 712 67)
4(732 233 712 1102)
4(9 67 712 233)
4(381 1103 713 66)
4(1102 712 713 1103)
4(67 66 713 712)
4(382 1104 714 65)
4(1103 713 714 1104)
4(66 65 714 713)
4(383 1105 715 64)
4(1104 714 715 1105)
4(65 64 715 714)
4(1105 715 230 692)
4(64 8 230 715)
4(1102 1106 708 712)
4(733 234 708 1106)
4(233 712 708 234)
4(1103 1107 709 713)
4(1106 708 709 1107)
4(712 713 709 708)
4(1104 1108 710 714)
4(1107 709 710 1108)
4(713 714 710 709)
4(1105 1109 711 715)
4(1108 710 711 1109)
4(714 715 711 710)
4(1109 711 231 693)
4(715 230 231 711)
4(1106 1058 704 708)
4(234 708 704 235)
4(1107 1059 705 709)
4(708 709 705 704)
4(1108 1060 706 710)
4(709 710 706 705)
4(1109 1061 707 711)
4(710 711 707 706)
4(711 231 232 707)
3(216 707 773)
4(232 255 773 707)
3(217 706 763)
4(707 773 763 706)
3(218 705 753)
4(706 763 753 705)
3(219 704 743)
4(705 753 743 704)
4(704 743 245 235)
4(773 707 1130 772)
4(254 772 1130 797)
4(232 797 1130 707)
4(763 706 1131 762)
4(772 762 1131 1130)
4(707 1130 1131 706)
4(753 705 1132 752)
4(762 752 1132 1131)
4(706 1131 1132 705)
4(743 704 1133 742)
4(752 742 1133 1132)
4(705 1132 1133 704)
4(742 244 774 1133)
4(704 1133 774 235)
4(772 1130 1126 771)
4(253 771 1126 796)
4(797 796 1126 1130)
4(762 1131 1127 761)
4(771 761 1127 1126)
4(1130 1126 1127 1131)
4(752 1132 1128 751)
4(761 751 1128 1127)
4(1131 1127 1128 1132)
4(742 1133 1129 741)
4(751 741 1129 1128)
4(1132 1128 1129 1133)
4(741 243 775 1129)
4(1133 1129 775 774)
3(771 1126 770)
4(796 252 770 1126)
3(761 1127 760)
4(1126 770 760 1127)
3(751 1128 750)
4(1127 760 750 1128)
3(741 1129 740)
4(1128 750 740 1129)
4(1129 740 242 775)
4(770 1126 1122 769)
4(251 769 1122 795)
4(796 795 1122 1126)
4(760 1127 1123 759)
4(769 759 1123 1122)
4(1126 1122 1123 1127)
4(750 1128 1124 749)
4(759 749 1124 1123)
4(1127 1123 1124 1128)
4(740 1129 1125 739)
4(749 739 1125 1124)
4(1128 1124 1125 1129)
4(739 241 776 1125)
4(1129 1125 776 775)
4(769 1122 1118 768)
4(250 768 1118 794)
4(795 794 1118 1122)
4(759 1123 1119 758)
4(768 758 1119 1118)
4(1122 1118 1119 1123)
4(749 1124 1120 748)
4(758 748 1120 1119)
4(1123 1119 1120 1124)
4(739 1125 1121 738)
4(748 738 1121 1120)
4(1124 1120 1121 1125)
4(738 240 777 1121)
4(1125 1121 777 776)
4(768 1118 1114 767)
4(249 767 1114 793)
4(794 793 1114 1118)
4(758 1119 1115 757)
4(767 757 1115 1114)
4(1118 1114 1115 1119)
4(748 1120 1116 747)
4(757 747 1116 1115)
4(1119 1115 1116 1120)
4(738 1121 1117 737)
4(747 737 1117 1116)
4(1120 1116 1117 1121)
4(737 239 778 1117)
4(1121 1117 778 777)
3(767 1114 766)
4(793 248 766 1114)
3(757 1115 756)
4(1114 766 756 1115)
3(747 1116 746)
4(1115 756 746 1116)
3(737 1117 736)
4(1116 746 736 1117)
4(1117 736 238 778)
4(766 1114 1110 765)
4(247 765 1110 792)
4(793 792 1110 1114)
4(756 1115 1111 755)
4(765 755 1111 1110)
4(1114 1110 1111 1115)
4(746 1116 1112 745)
4(755 745 1112 1111)
4(1115 1111 1112 1116)
4(736 1117 1113 735)
4(745 735 1113 1112)
4(1116 1112 1113 1117)
4(735 237 779 1113)
4(1117 1113 779 778)
4(765 1110 627 764)
4(246 764 627 202)
4(792 202 627 1110)
4(755 1111 626 754)
4(764 754 626 627)
4(1110 627 626 1111)
4(745 1112 625 744)
4(754 744 625 626)
4(1111 626 625 1112)
4(735 1113 624 734)
4(744 734 624 625)
4(1112 625 624 1113)
4(734 236 205 624)
4(1113 624 205 779)
3(764 627 186)
3(754 626 187)
3(744 625 188)
3(734 624 189)
4(74 619 1134 327)
4(200 798 1134 619)
4(68 327 1134 798)
4(75 618 1135 333)
4(619 1134 1135 618)
4(327 333 1135 1134)
4(76 617 1136 339)
4(618 1135 1136 617)
4(333 339 1136 1135)
4(77 616 1137 345)
4(617 1136 1137 616)
4(339 345 1137 1136)
4(616 1137 790 203)
4(345 78 790 1137)
4(619 623 1138 1134)
4(201 799 1138 623)
4(798 1134 1138 799)
4(618 622 1139 1135)
4(623 1138 1139 622)
4(1134 1135 1139 1138)
4(617 621 1140 1136)
4(622 1139 1140 621)
4(1135 1136 1140 1139)
4(616 620 1141 1137)
4(621 1140 1141 620)
4(1136 1137 1141 1140)
4(620 1141 791 204)
4(1137 790 791 1141)
4(623 627 1110 1138)
4(799 1138 1110 792)
4(622 626 1111 1139)
4(1138 1139 1111 1110)
4(621 625 1112 1140)
4(1139 1140 1112 1111)
4(620 624 1113 1141)
4(1140 1141 1113 1112)
4(1141 791 779 1113)
4(327 1134 1142 326)
4(798 800 1142 1134)
4(69 326 1142 800)
4(333 1135 1143 332)
4(1134 1142 1143 1135)
4(326 332 1143 1142)
4(339 1136 1144 338)
4(1135 1143 1144 1136)
4(332 338 1144 1143)
4(345 1137 1145 344)
4(1136 1144 1145 1137)
4(338 344 1145 1144)
4(1137 1145 788 790)
4(344 79 788 1145)
4(1134 1138 1146 1142)
4(799 801 1146 1138)
4(800 1142 1146 801)
4(1135 1139 1147 1143)
4(1138 1146 1147 1139)
4(1142 1143 1147 1146)
4(1136 1140 1148 1144)
4(1139 1147 1148 1140)
4(1143 1144 1148 1147)
4(1137 1141 1149 1145)
4(1140 1148 1149 1141)
4(1144 1145 1149 1148)
4(1141 1149 789 791)
4(1145 788 789 1149)
4(1138 1110 1114 1146)
4(801 1146 1114 793)
4(1139 1111 1115 1147)
4(1146 1147 1115 1114)
4(1140 1112 1116 1148)
4(1147 1148 1116 1115)
4(1141 1113 1117 1149)
4(1148 1149 1117 1116)
4(1149 789 778 1117)
4(326 1142 1150 325)
4(800 802 1150 1142)
4(70 325 1150 802)
4(332 1143 1151 331)
4(1142 1150 1151 1143)
4(325 331 1151 1150)
4(338 1144 1152 337)
4(1143 1151 1152 1144)
4(331 337 1152 1151)
4(344 1145 1153 343)
4(1144 1152 1153 1145)
4(337 343 1153 1152)
4(1145 1153 786 788)
4(343 80 786 1153)
4(1142 1146 1154 1150)
4(801 803 1154 1146)
4(802 1150 1154 803)
4(1143 1147 1155 1151)
4(1146 1154 1155 1147)
4(1150 1151 1155 1154)
4(1144 1148 1156 1152)
4(1147 1155 1156 1148)
4(1151 1152 1156 1155)
4(1145 1149 1157 1153)
4(1148 1156 1157 1149)
4(1152 1153 1157 1156)
4(1149 1157 787 789)
4(1153 786 787 1157)
4(1146 1114 1118 1154)
4(803 1154 1118 794)
4(1147 1115 1119 1155)
4(1154 1155 1119 1118)
4(1148 1116 1120 1156)
4(1155 1156 1120 1119)
4(1149 1117 1121 1157)
4(1156 1157 1121 1120)
4(1157 787 777 1121)
4(325 1150 1158 324)
4(802 804 1158 1150)
4(71 324 1158 804)
4(331 1151 1159 330)
4(1150 1158 1159 1151)
4(324 330 1159 1158)
4(337 1152 1160 336)
4(1151 1159 1160 1152)
4(330 336 1160 1159)
4(343 1153 1161 342)
4(1152 1160 1161 1153)
4(336 342 1161 1160)
4(1153 1161 784 786)
4(342 81 784 1161)
4(1150 1154 1162 1158)
4(803 805 1162 1154)
4(804 1158 1162 805)
4(1151 1155 1163 1159)
4(1154 1162 1163 1155)
4(1158 1159 1163 1162)
4(1152 1156 1164 1160)
4(1155 1163 1164 1156)
4(1159 1160 1164 1163)
4(1153 1157 1165 1161)
4(1156 1164 1165 1157)
4(1160 1161 1165 1164)
4(1157 1165 785 787)
4(1161 784 785 1165)
4(1154 1118 1122 1162)
4(805 1162 1122 795)
4(1155 1119 1123 1163)
4(1162 1163 1123 1122)
4(1156 1120 1124 1164)
4(1163 1164 1124 1123)
4(1157 1121 1125 1165)
4(1164 1165 1125 1124)
4(1165 785 776 1125)
4(324 1158 1166 323)
4(804 806 1166 1158)
4(72 323 1166 806)
4(330 1159 1167 329)
4(1158 1166 1167 1159)
4(323 329 1167 1166)
4(336 1160 1168 335)
4(1159 1167 1168 1160)
4(329 335 1168 1167)
4(342 1161 1169 341)
4(1160 1168 1169 1161)
4(335 341 1169 1168)
4(1161 1169 782 784)
4(341 82 782 1169)
4(1158 1162 1170 1166)
4(805 807 1170 1162)
4(806 1166 1170 807)
4(1159 1163 1171 1167)
4(1162 1170 1171 1163)
4(1166 1167 1171 1170)
4(1160 1164 1172 1168)
4(1163 1171 1172 1164)
4(1167 1168 1172 1171)
4(1161 1165 1173 1169)
4(1164 1172 1173 1165)
4(1168 1169 1173 1172)
4(1165 1173 783 785)
4(1169 782 783 1173)
4(1162 1122 1126 1170)
4(807 1170 1126 796)
4(1163 1123 1127 1171)
4(1170 1171 1127 1126)
4(1164 1124 1128 1172)
4(1171 1172 1128 1127)
4(1165 1125 1129 1173)
4(1172 1173 1129 1128)
4(1173 783 775 1129)
4(323 1166 1174 322)
4(806 808 1174 1166)
4(73 322 1174 808)
4(329 1167 1175 328)
4(1166 1174 1175 1167)
4(322 328 1175 1174)
4(335 1168 1176 334)
4(1167 1175 1176 1168)
4(328 334 1176 1175)
4(341 1169 1177 340)
4(1168 1176 1177 1169)
4(334 340 1177 1176)
4(1169 1177 780 782)
4(340 83 780 1177)
4(1166 1170 1178 1174)
4(807 809 1178 1170)
4(808 1174 1178 809)
4(1167 1171 1179 1175)
4(1170 1178 1179 1171)
4(1174 1175 1179 1178)
4(1168 1172 1180 1176)
4(1171 1179 1180 1172)
4(1175 1176 1180 1179)
4(1169 1173 1181 1177)
4(1172 1180 1181 1173)
4(1176 1177 1181 1180)
4(1173 1181 781 783)
4(1177 780 781 1181)
4(1170 1126 1130 1178)
4(809 1178 1130 797)
4(1171 1127 1131 1179)
4(1178 1179 1131 1130)
4(1172 1128 1132 1180)
4(1179 1180 1132 1131)
4(1173 1129 1133 1181)
4(1180 1181 1133 1132)
4(1181 781 774 1133)
4(322 1174 715 64)
4(808 230 715 1174)
4(328 1175 714 65)
4(1174 715 714 1175)
4(334 1176 713 66)
4(1175 714 713 1176)
4(340 1177 712 67)
4(1176 713 712 1177)
4(1177 712 233 780)
4(1174 1178 711 715)
4(809 231 711 1178)
4(1175 1179 710 714)
4(1178 711 710 1179)
4(1176 1180 709 713)
4(1179 710 709 1180)
4(1177 1181 708 712)
4(1180 709 708 1181)
4(1181 708 234 781)
4(1178 1130 707 711)
4(1179 1131 706 710)
4(1180 1132 705 709)
4(1181 1133 704 708)
4(1 55 319 28)
4(55 56 320 319)
4(56 57 321 320)
4(57 5 42 321)
4(28 319 316 29)
4(319 320 317 316)
4(320 321 318 317)
4(321 42 43 318)
4(29 316 313 30)
4(316 317 314 313)
4(317 318 315 314)
4(318 43 44 315)
4(30 313 61 2)
4(313 314 62 61)
4(314 315 63 62)
4(315 44 6 63)
4(0 35 304 52)
4(52 304 305 53)
4(53 305 306 54)
4(54 306 49 4)
4(35 36 307 304)
4(304 307 308 305)
4(305 308 309 306)
4(306 309 50 49)
4(36 37 310 307)
4(307 310 311 308)
4(308 311 312 309)
4(309 312 51 50)
4(37 3 58 310)
4(310 58 59 311)
4(311 59 60 312)
4(312 60 7 51)
3(11 78 87)
3(10 86 68)
4(78 79 359 87)
4(68 86 350 69)
4(79 80 358 359)
4(69 350 351 70)
3(80 81 358)
3(70 351 71)
4(81 82 357 358)
4(71 351 352 72)
4(82 83 84 357)
4(72 352 85 73)
3(83 9 84)
3(73 85 8)
4(6 44 357 84)
4(7 85 352 51)
4(44 43 358 357)
4(51 352 351 50)
4(43 42 359 358)
4(50 351 350 49)
4(42 5 87 359)
4(49 350 86 4)
3(13 103 105)
3(12 104 93)
4(103 102 393 105)
4(93 104 384 92)
4(102 101 392 393)
4(92 384 385 91)
3(101 100 392)
3(91 385 90)
4(100 99 391 392)
4(90 385 386 89)
4(99 98 85 391)
4(89 386 84 88)
3(98 8 85)
3(88 84 9)
4(7 60 391 85)
4(6 84 386 63)
4(60 59 392 391)
4(63 386 385 62)
4(59 58 393 392)
4(62 385 384 61)
4(58 3 105 393)
4(61 384 104 2)
3(15 116 123)
3(14 122 106)
4(116 117 427 123)
4(106 122 418 107)
4(117 118 426 427)
4(107 418 419 108)
3(118 119 426)
3(108 419 109)
4(119 120 425 426)
4(109 419 420 110)
4(120 121 87 425)
4(110 420 86 111)
3(121 11 87)
3(111 86 10)
4(5 57 425 87)
4(4 86 420 54)
4(57 56 426 425)
4(54 420 419 53)
4(56 55 427 426)
4(53 419 418 52)
4(55 1 123 427)
4(52 418 122 0)
3(14 135 122)
3(15 123 129)
4(135 134 457 122)
4(129 123 452 128)
4(134 133 456 457)
4(128 452 453 127)
3(133 132 456)
3(127 453 126)
4(132 131 455 456)
4(126 453 454 125)
4(131 130 105 455)
4(125 454 104 124)
3(130 13 105)
3(124 104 12)
4(3 37 455 105)
4(2 104 454 30)
4(37 36 456 455)
4(30 454 453 29)
4(36 35 457 456)
4(29 453 452 28)
4(35 0 122 457)
4(28 452 123 1)
3(16 154 169)
4(16 136 458 154)
4(136 137 468 458)
4(137 138 478 468)
4(138 139 488 478)
3(17 166 140)
4(139 17 140 488)
4(154 155 545 169)
4(154 458 459 155)
4(458 468 469 459)
4(468 478 479 469)
4(478 488 489 479)
4(140 166 510 141)
4(488 140 141 489)
4(155 156 544 545)
4(155 459 460 156)
4(459 469 470 460)
4(469 479 480 470)
4(479 489 490 480)
4(141 510 511 142)
4(489 141 142 490)
3(156 157 544)
4(156 460 461 157)
4(460 470 471 461)
4(470 480 481 471)
4(480 490 491 481)
3(142 511 143)
4(490 142 143 491)
4(157 158 543 544)
4(157 461 462 158)
4(461 471 472 462)
4(471 481 482 472)
4(481 491 492 482)
4(143 511 512 144)
4(491 143 144 492)
4(158 159 542 543)
4(158 462 463 159)
4(462 472 473 463)
4(472 482 483 473)
4(482 492 493 483)
4(144 512 513 145)
4(492 144 145 493)
4(159 160 541 542)
4(159 463 464 160)
4(463 473 474 464)
4(473 483 484 474)
4(483 493 494 484)
4(145 513 514 146)
4(493 145 146 494)
3(160 161 541)
4(160 464 465 161)
4(464 474 475 465)
4(474 484 485 475)
4(484 494 495 485)
3(146 514 147)
4(494 146 147 495)
4(161 162 540 541)
4(161 465 466 162)
4(465 475 476 466)
4(475 485 486 476)
4(485 495 496 486)
4(147 514 515 148)
4(495 147 148 496)
4(162 163 175 540)
4(162 466 467 163)
4(466 476 477 467)
4(476 486 487 477)
4(486 496 497 487)
4(148 515 172 149)
4(496 148 149 497)
3(163 19 175)
4(163 467 150 19)
4(467 477 151 150)
4(477 487 152 151)
4(487 497 153 152)
3(149 172 18)
4(497 149 18 153)
4(13 130 546 173)
4(12 170 526 124)
4(173 546 547 174)
4(170 171 527 526)
4(174 547 540 175)
4(171 172 515 527)
4(130 131 548 546)
4(124 526 524 125)
4(546 548 549 547)
4(526 527 525 524)
4(547 549 541 540)
4(527 515 514 525)
4(131 132 550 548)
4(125 524 522 126)
4(548 550 551 549)
4(524 525 523 522)
4(549 551 542 541)
4(525 514 513 523)
4(132 133 552 550)
4(126 522 520 127)
4(550 552 553 551)
4(522 523 521 520)
4(551 553 543 542)
4(523 513 512 521)
4(133 134 554 552)
4(127 520 518 128)
4(552 554 555 553)
4(520 521 519 518)
4(553 555 544 543)
4(521 512 511 519)
4(134 135 556 554)
4(128 518 516 129)
4(554 556 557 555)
4(518 519 517 516)
4(555 557 545 544)
4(519 511 510 517)
4(135 14 167 556)
4(129 516 164 15)
4(556 167 168 557)
4(516 517 165 164)
4(557 168 169 545)
4(517 510 166 165)
3(17 190 166)
4(17 139 561 190)
4(139 138 560 561)
4(138 137 559 560)
4(137 136 558 559)
3(16 169 176)
4(136 16 176 558)
4(190 191 633 166)
4(190 561 565 191)
4(561 560 564 565)
4(560 559 563 564)
4(559 558 562 563)
4(176 169 598 177)
4(558 176 177 562)
4(191 192 632 633)
4(191 565 569 192)
4(565 564 568 569)
4(564 563 567 568)
4(563 562 566 567)
4(177 598 599 178)
4(562 177 178 566)
3(192 193 632)
4(192 569 573 193)
4(569 568 572 573)
4(568 567 571 572)
4(567 566 570 571)
3(178 599 179)
4(566 178 179 570)
4(193 194 631 632)
4(193 573 577 194)
4(573 572 576 577)
4(572 571 575 576)
4(571 570 574 575)
4(179 599 600 180)
4(570 179 180 574)
4(194 195 630 631)
4(194 577 581 195)
4(577 576 580 581)
4(576 575 579 580)
4(575 574 578 579)
4(180 600 601 181)
4(574 180 181 578)
4(195 196 629 630)
4(195 581 585 196)
4(581 580 584 585)
4(580 579 583 584)
4(579 578 582 583)
4(181 601 602 182)
4(578 181 182 582)
3(196 197 629)
4(196 585 589 197)
4(585 584 588 589)
4(584 583 587 588)
4(583 582 586 587)
3(182 602 183)
4(582 182 183 586)
4(197 198 628 629)
4(197 589 593 198)
4(589 588 592 593)
4(588 587 591 592)
4(587 586 590 591)
4(183 602 603 184)
4(586 183 184 590)
4(198 199 205 628)
4(198 593 597 199)
4(593 592 596 597)
4(592 591 595 596)
4(591 590 594 595)
4(184 603 202 185)
4(590 184 185 594)
3(199 21 205)
4(199 597 189 21)
4(597 596 188 189)
4(596 595 187 188)
4(595 594 186 187)
3(185 202 20)
4(594 185 20 186)
4(11 121 634 203)
4(10 200 614 111)
4(203 634 635 204)
4(200 201 615 614)
4(204 635 628 205)
4(201 202 603 615)
4(121 120 636 634)
4(111 614 612 110)
4(634 636 637 635)
4(614 615 613 612)
4(635 637 629 628)
4(615 603 602 613)
4(120 119 638 636)
4(110 612 610 109)
4(636 638 639 637)
4(612 613 611 610)
4(637 639 630 629)
4(613 602 601 611)
4(119 118 640 638)
4(109 610 608 108)
4(638 640 641 639)
4(610 611 609 608)
4(639 641 631 630)
4(611 601 600 609)
4(118 117 642 640)
4(108 608 606 107)
4(640 642 643 641)
4(608 609 607 606)
4(641 643 632 631)
4(609 600 599 607)
4(117 116 644 642)
4(107 606 604 106)
4(642 644 645 643)
4(606 607 605 604)
4(643 645 633 632)
4(607 599 598 605)
4(116 15 164 644)
4(106 604 167 14)
4(644 164 165 645)
4(604 605 168 167)
4(645 165 166 633)
4(605 598 169 168)
3(23 229 235)
4(23 219 649 229)
4(219 218 648 649)
4(218 217 647 648)
4(217 216 646 647)
3(22 232 215)
4(216 22 215 646)
4(229 228 721 235)
4(229 649 653 228)
4(649 648 652 653)
4(648 647 651 652)
4(647 646 650 651)
4(215 232 686 214)
4(646 215 214 650)
4(228 227 720 721)
4(228 653 657 227)
4(653 652 656 657)
4(652 651 655 656)
4(651 650 654 655)
4(214 686 687 213)
4(650 214 213 654)
3(227 226 720)
4(227 657 661 226)
4(657 656 660 661)
4(656 655 659 660)
4(655 654 658 659)
3(213 687 212)
4(654 213 212 658)
4(226 225 719 720)
4(226 661 665 225)
4(661 660 664 665)
4(660 659 663 664)
4(659 658 662 663)
4(212 687 688 211)
4(658 212 211 662)
4(225 224 718 719)
4(225 665 669 224)
4(665 664 668 669)
4(664 663 667 668)
4(663 662 666 667)
4(211 688 689 210)
4(662 211 210 666)
4(224 223 717 718)
4(224 669 673 223)
4(669 668 672 673)
4(668 667 671 672)
4(667 666 670 671)
4(210 689 690 209)
4(666 210 209 670)
3(223 222 717)
4(223 673 677 222)
4(673 672 676 677)
4(672 671 675 676)
4(671 670 674 675)
3(209 690 208)
4(670 209 208 674)
4(222 221 716 717)
4(222 677 681 221)
4(677 676 680 681)
4(676 675 679 680)
4(675 674 678 679)
4(208 690 691 207)
4(674 208 207 678)
4(221 220 172 716)
4(221 681 685 220)
4(681 680 684 685)
4(680 679 683 684)
4(679 678 682 683)
4(207 691 175 206)
4(678 207 206 682)
3(220 18 172)
4(220 685 153 18)
4(685 684 152 153)
4(684 683 151 152)
4(683 682 150 151)
3(206 175 19)
4(682 206 19 150)
4(12 93 722 170)
4(13 173 702 103)
4(170 722 723 171)
4(173 174 703 702)
4(171 723 716 172)
4(174 175 691 703)
4(93 92 724 722)
4(103 702 700 102)
4(722 724 725 723)
4(702 703 701 700)
4(723 725 717 716)
4(703 691 690 701)
4(92 91 726 724)
4(102 700 698 101)
4(724 726 727 725)
4(700 701 699 698)
4(725 727 718 717)
4(701 690 689 699)
4(91 90 728 726)
4(101 698 696 100)
4(726 728 729 727)
4(698 699 697 696)
4(727 729 719 718)
4(699 689 688 697)
4(90 89 730 728)
4(100 696 694 99)
4(728 730 731 729)
4(696 697 695 694)
4(729 731 720 719)
4(697 688 687 695)
4(89 88 732 730)
4(99 694 692 98)
4(730 732 733 731)
4(694 695 693 692)
4(731 733 721 720)
4(695 687 686 693)
4(88 9 233 732)
4(98 692 230 8)
4(732 233 234 733)
4(692 693 231 230)
4(733 234 235 721)
4(693 686 232 231)
3(22 255 232)
4(22 216 773 255)
4(216 217 763 773)
4(217 218 753 763)
4(218 219 743 753)
3(23 235 245)
4(219 23 245 743)
4(255 254 797 232)
4(255 773 772 254)
4(773 763 762 772)
4(763 753 752 762)
4(753 743 742 752)
4(245 235 774 244)
4(743 245 244 742)
4(254 253 796 797)
4(254 772 771 253)
4(772 762 761 771)
4(762 752 751 761)
4(752 742 741 751)
4(244 774 775 243)
4(742 244 243 741)
3(253 252 796)
4(253 771 770 252)
4(771 761 760 770)
4(761 751 750 760)
4(751 741 740 750)
3(243 775 242)
4(741 243 242 740)
4(252 251 795 796)
4(252 770 769 251)
4(770 760 759 769)
4(760 750 749 759)
4(750 740 739 749)
4(242 775 776 241)
4(740 242 241 739)
4(251 250 794 795)
4(251 769 768 250)
4(769 759 758 768)
4(759 749 748 758)
4(749 739 738 748)
4(241 776 777 240)
4(739 241 240 738)
4(250 249 793 794)
4(250 768 767 249)
4(768 758 757 767)
4(758 748 747 757)
4(748 738 737 747)
4(240 777 778 239)
4(738 240 239 737)
3(249 248 793)
4(249 767 766 248)
4(767 757 756 766)
4(757 747 746 756)
4(747 737 736 746)
3(239 778 238)
4(737 239 238 736)
4(248 247 792 793)
4(248 766 765 247)
4(766 756 755 765)
4(756 746 745 755)
4(746 736 735 745)
4(238 778 779 237)
4(736 238 237 735)
4(247 246 202 792)
4(247 765 764 246)
4(765 755 754 764)
4(755 745 744 754)
4(745 735 734 744)
4(237 779 205 236)
4(735 237 236 734)
3(246 20 202)
4(246 764 186 20)
4(764 754 187 186)
4(754 744 188 187)
4(744 734 189 188)
3(236 205 21)
4(734 236 21 189)
4(10 68 798 200)
4(11 203 790 78)
4(200 798 799 201)
4(203 204 791 790)
4(201 799 792 202)
4(204 205 779 791)
4(68 69 800 798)
4(78 790 788 79)
4(798 800 801 799)
4(790 791 789 788)
4(799 801 793 792)
4(791 779 778 789)
4(69 70 802 800)
4(79 788 786 80)
4(800 802 803 801)
4(788 789 787 786)
4(801 803 794 793)
4(789 778 777 787)
4(70 71 804 802)
4(80 786 784 81)
4(802 804 805 803)
4(786 787 785 784)
4(803 805 795 794)
4(787 777 776 785)
4(71 72 806 804)
4(81 784 782 82)
4(804 806 807 805)
4(784 785 783 782)
4(805 807 796 795)
4(785 776 775 783)
4(72 73 808 806)
4(82 782 780 83)
4(806 808 809 807)
4(782 783 781 780)
4(807 809 797 796)
4(783 775 774 781)
4(73 8 230 808)
4(83 780 233 9)
4(808 230 231 809)
4(780 781 234 233)
4(809 231 232 797)
4(781 774 235 234)
)


// ************************************************************************* //
