/*--------------------------------*- C++ -*----------------------------------*\
  =========                 |
  \\      /  F ield         | OpenFOAM: The Open Source CFD Toolbox
   \\    /   O peration     | Website:  https://openfoam.org
    \\  /    A nd           | Version:  12
     \\/     M anipulation  |
\*---------------------------------------------------------------------------*/
FoamFile
{
    format      ascii;
    class       labelList;
    note        "nPoints: 1182 nCells: 940 nFaces: 3048 nInternalFaces: 2452";
    location    "constant/polyMesh";
    object      neighbour;
}
// * * * * * * * * * * * * * * * * * * * * * * * * * * * * * * * * * * * * * //


2452
(
1
4
16
240
299
2
5
17
235
3
6
18
230
7
19
130
225
5
8
20
294
6
9
21
7
10
22
11
23
125
9
12
24
289
10
13
25
11
14
26
15
27
120
13
28
189
284
14
29
184
15
30
179
31
115
174
17
20
32
241
298
18
21
33
236
19
22
34
231
23
35
131
226
21
24
36
293
22
25
37
23
26
38
27
39
126
25
28
40
288
26
29
41
27
30
42
31
43
121
29
44
188
283
30
45
183
31
46
178
47
116
173
33
36
48
242
297
34
37
49
237
35
38
50
232
39
51
132
227
37
40
52
292
38
41
53
39
42
54
43
55
127
41
44
56
287
42
45
57
43
46
58
47
59
122
45
60
187
282
46
61
182
47
62
177
63
117
172
49
52
64
243
296
50
53
65
238
51
54
66
233
55
67
133
228
53
56
68
291
54
57
69
55
58
70
59
71
128
57
60
72
286
58
61
73
59
62
74
63
75
123
61
76
186
281
62
77
181
63
78
176
79
118
171
65
68
244
295
66
69
239
67
70
234
71
134
229
69
72
290
70
73
71
74
75
129
73
76
285
74
77
75
78
79
124
77
185
280
78
180
79
175
119
170
81
85
220
839
82
86
221
838
83
87
222
837
84
88
223
836
89
224
835
86
90
130
854
87
91
131
853
88
92
132
852
89
93
133
851
94
134
850
91
95
125
869
92
96
126
868
93
97
127
867
94
98
128
866
99
129
865
96
100
884
97
101
883
98
102
882
99
103
881
104
880
101
105
120
899
102
106
121
898
103
107
122
897
104
108
123
896
109
124
895
106
110
115
914
107
111
116
913
108
112
117
912
109
113
118
911
114
119
910
111
169
929
112
168
928
113
167
927
114
166
926
165
925
116
120
174
117
121
173
118
122
172
119
123
171
124
170
121
125
122
126
123
127
124
128
129
126
130
127
131
128
132
129
133
134
131
225
132
226
133
227
134
228
229
136
140
275
679
137
141
276
678
138
142
277
677
139
143
278
676
144
279
675
141
145
185
694
142
146
186
693
143
147
187
692
144
148
188
691
149
189
690
146
150
180
709
147
151
181
708
148
152
182
707
149
153
183
706
154
184
705
151
155
724
152
156
723
153
157
722
154
158
721
159
720
156
160
175
739
157
161
176
738
158
162
177
737
159
163
178
736
164
179
735
161
165
170
754
162
166
171
753
163
167
172
752
164
168
173
751
169
174
750
166
769
167
768
168
767
169
766
765
171
175
172
176
173
177
174
178
179
176
180
177
181
178
182
179
183
184
181
185
182
186
183
187
184
188
189
186
280
187
281
188
282
189
283
284
191
195
249
605
192
196
248
606
193
197
247
607
194
198
246
608
199
245
609
196
200
240
590
197
201
241
591
198
202
242
592
199
203
243
593
204
244
594
201
205
235
575
202
206
236
576
203
207
237
577
204
208
238
578
209
239
579
206
210
560
207
211
561
208
212
562
209
213
563
214
564
211
215
230
545
212
216
231
546
213
217
232
547
214
218
233
548
219
234
549
216
220
225
530
217
221
226
531
218
222
227
532
219
223
228
533
224
229
534
221
515
222
516
223
517
224
518
519
226
230
227
231
228
232
229
233
234
231
235
232
236
233
237
234
238
239
236
240
237
241
238
242
239
243
244
241
299
242
298
243
297
244
296
295
246
250
445
247
251
446
248
252
447
249
253
448
254
449
251
255
295
430
252
256
296
431
253
257
297
432
254
258
298
433
259
299
434
256
260
290
415
257
261
291
416
258
262
292
417
259
263
293
418
264
294
419
261
265
400
262
266
401
263
267
402
264
268
403
269
404
266
270
285
385
267
271
286
386
268
272
287
387
269
273
288
388
274
289
389
271
275
280
370
272
276
281
371
273
277
282
372
274
278
283
373
279
284
374
276
355
277
356
278
357
279
358
359
281
285
282
286
283
287
284
288
289
286
290
287
291
288
292
289
293
294
291
295
292
296
293
297
294
298
299
296
297
298
299
301
305
464
302
306
463
303
307
462
304
308
461
309
460
306
310
455
307
311
456
308
312
457
309
313
458
314
459
311
315
440
312
316
441
313
317
442
314
318
443
319
444
316
320
317
321
318
322
319
323
324
321
325
425
322
326
426
323
327
427
324
328
428
329
429
326
330
410
327
331
411
328
332
412
329
333
413
334
414
331
335
395
332
336
396
333
337
397
334
338
398
339
399
336
340
337
341
338
342
339
343
344
341
345
380
342
346
381
343
347
382
344
348
383
349
384
346
350
365
347
351
366
348
352
367
349
353
368
354
369
351
674
352
673
353
672
354
671
670
356
360
370
679
357
361
371
678
358
362
372
677
359
363
373
676
364
374
675
361
365
375
684
362
366
376
683
363
367
377
682
364
368
378
681
369
379
680
366
380
689
367
381
688
368
382
687
369
383
686
384
685
371
375
385
372
376
386
373
377
387
374
378
388
379
389
376
380
390
377
381
391
378
382
392
379
383
393
384
394
381
395
382
396
383
397
384
398
399
386
390
400
387
391
401
388
392
402
389
393
403
394
404
391
395
405
392
396
406
393
397
407
394
398
408
399
409
396
410
397
411
398
412
399
413
414
401
405
415
402
406
416
403
407
417
404
408
418
409
419
406
410
420
407
411
421
408
412
422
409
413
423
414
424
411
425
412
426
413
427
414
428
429
416
420
430
417
421
431
418
422
432
419
423
433
424
434
421
425
435
422
426
436
423
427
437
424
428
438
429
439
426
440
427
441
428
442
429
443
444
431
435
445
432
436
446
433
437
447
434
438
448
439
449
436
440
450
437
441
451
438
442
452
439
443
453
444
454
441
455
442
456
443
457
444
458
459
446
450
609
447
451
608
448
452
607
449
453
606
454
605
451
455
614
452
456
613
453
457
612
454
458
611
459
610
456
619
457
618
458
617
459
616
615
461
465
462
466
463
467
464
468
469
466
470
615
467
471
616
468
472
617
469
473
618
474
619
471
475
600
472
476
601
473
477
602
474
478
603
479
604
476
480
477
481
478
482
479
483
484
481
485
585
482
486
586
483
487
587
484
488
588
489
589
486
490
570
487
491
571
488
492
572
489
493
573
494
574
491
495
555
492
496
556
493
497
557
494
498
558
499
559
496
500
497
501
498
502
499
503
504
501
505
540
502
506
541
503
507
542
504
508
543
509
544
506
510
525
507
511
526
508
512
527
509
513
528
514
529
511
834
512
833
513
832
514
831
830
516
520
530
839
517
521
531
838
518
522
532
837
519
523
533
836
524
534
835
521
525
535
844
522
526
536
843
523
527
537
842
524
528
538
841
529
539
840
526
540
849
527
541
848
528
542
847
529
543
846
544
845
531
535
545
532
536
546
533
537
547
534
538
548
539
549
536
540
550
537
541
551
538
542
552
539
543
553
544
554
541
555
542
556
543
557
544
558
559
546
550
560
547
551
561
548
552
562
549
553
563
554
564
551
555
565
552
556
566
553
557
567
554
558
568
559
569
556
570
557
571
558
572
559
573
574
561
565
575
562
566
576
563
567
577
564
568
578
569
579
566
570
580
567
571
581
568
572
582
569
573
583
574
584
571
585
572
586
573
587
574
588
589
576
580
590
577
581
591
578
582
592
579
583
593
584
594
581
585
595
582
586
596
583
587
597
584
588
598
589
599
586
600
587
601
588
602
589
603
604
591
595
605
592
596
606
593
597
607
594
598
608
599
609
596
600
610
597
601
611
598
602
612
599
603
613
604
614
601
615
602
616
603
617
604
618
619
606
610
607
611
608
612
609
613
614
611
615
612
616
613
617
614
618
619
616
617
618
619
621
625
784
622
626
783
623
627
782
624
628
781
629
780
626
630
775
627
631
776
628
632
777
629
633
778
634
779
631
635
760
632
636
761
633
637
762
634
638
763
639
764
636
640
637
641
638
642
639
643
644
641
645
745
642
646
746
643
647
747
644
648
748
649
749
646
650
730
647
651
731
648
652
732
649
653
733
654
734
651
655
715
652
656
716
653
657
717
654
658
718
659
719
656
660
657
661
658
662
659
663
664
661
665
700
662
666
701
663
667
702
664
668
703
669
704
666
670
685
667
671
686
668
672
687
669
673
688
674
689
671
672
673
674
676
680
690
677
681
691
678
682
692
679
683
693
684
694
681
685
695
682
686
696
683
687
697
684
688
698
689
699
686
700
687
701
688
702
689
703
704
691
695
705
692
696
706
693
697
707
694
698
708
699
709
696
700
710
697
701
711
698
702
712
699
703
713
704
714
701
715
702
716
703
717
704
718
719
706
710
720
707
711
721
708
712
722
709
713
723
714
724
711
715
725
712
716
726
713
717
727
714
718
728
719
729
716
730
717
731
718
732
719
733
734
721
725
735
722
726
736
723
727
737
724
728
738
729
739
726
730
740
727
731
741
728
732
742
729
733
743
734
744
731
745
732
746
733
747
734
748
749
736
740
750
737
741
751
738
742
752
739
743
753
744
754
741
745
755
742
746
756
743
747
757
744
748
758
749
759
746
760
747
761
748
762
749
763
764
751
755
765
752
756
766
753
757
767
754
758
768
759
769
756
760
770
757
761
771
758
762
772
759
763
773
764
774
761
775
762
776
763
777
764
778
779
766
770
929
767
771
928
768
772
927
769
773
926
774
925
771
775
934
772
776
933
773
777
932
774
778
931
779
930
776
939
777
938
778
937
779
936
935
781
785
782
786
783
787
784
788
789
786
790
935
787
791
936
788
792
937
789
793
938
794
939
791
795
920
792
796
921
793
797
922
794
798
923
799
924
796
800
797
801
798
802
799
803
804
801
805
905
802
806
906
803
807
907
804
808
908
809
909
806
810
890
807
811
891
808
812
892
809
813
893
814
894
811
815
875
812
816
876
813
817
877
814
818
878
819
879
816
820
817
821
818
822
819
823
824
821
825
860
822
826
861
823
827
862
824
828
863
829
864
826
830
845
827
831
846
828
832
847
829
833
848
834
849
831
832
833
834
836
840
850
837
841
851
838
842
852
839
843
853
844
854
841
845
855
842
846
856
843
847
857
844
848
858
849
859
846
860
847
861
848
862
849
863
864
851
855
865
852
856
866
853
857
867
854
858
868
859
869
856
860
870
857
861
871
858
862
872
859
863
873
864
874
861
875
862
876
863
877
864
878
879
866
870
880
867
871
881
868
872
882
869
873
883
874
884
871
875
885
872
876
886
873
877
887
874
878
888
879
889
876
890
877
891
878
892
879
893
894
881
885
895
882
886
896
883
887
897
884
888
898
889
899
886
890
900
887
891
901
888
892
902
889
893
903
894
904
891
905
892
906
893
907
894
908
909
896
900
910
897
901
911
898
902
912
899
903
913
904
914
901
905
915
902
906
916
903
907
917
904
908
918
909
919
906
920
907
921
908
922
909
923
924
911
915
925
912
916
926
913
917
927
914
918
928
919
929
916
920
930
917
921
931
918
922
932
919
923
933
924
934
921
935
922
936
923
937
924
938
939
926
930
927
931
928
932
929
933
934
931
935
932
936
933
937
934
938
939
936
937
938
939
)


// ************************************************************************* //
