/*--------------------------------*- C++ -*----------------------------------*\
  =========                 |
  \\      /  F ield         | OpenFOAM: The Open Source CFD Toolbox
   \\    /   O peration     | Website:  https://openfoam.org
    \\  /    A nd           | Version:  12
     \\/     M anipulation  |
\*---------------------------------------------------------------------------*/
FoamFile
{
    format      ascii;
    class       faceList;
    location    "constant/polyMesh";
    object      faces;
}
// * * * * * * * * * * * * * * * * * * * * * * * * * * * * * * * * * * * * * //


323
(
3(46 43 47)
3(19 43 46)
3(19 47 43)
3(19 46 47)
3(46 45 43)
3(46 43 18)
3(43 45 18)
3(46 18 45)
3(43 45 42)
3(45 44 42)
3(43 42 44)
3(43 44 45)
3(46 42 43)
3(46 45 42)
3(46 42 47)
3(43 47 42)
3(12 42 45)
3(12 44 42)
3(12 45 44)
3(10 43 1)
3(10 20 43)
3(10 1 20)
3(43 20 1)
3(10 43 15)
3(10 15 1)
3(46 42 14)
3(47 14 42)
3(46 14 47)
3(43 20 42)
3(47 42 20)
3(47 20 43)
3(10 20 42)
3(10 42 43)
3(19 18 46)
3(43 1 47)
3(19 47 1)
3(13 45 42)
3(46 13 42)
3(46 45 13)
3(45 12 13)
3(1 51 10)
3(10 51 20)
3(1 20 51)
3(48 11 42)
3(10 48 42)
3(10 11 48)
3(42 11 44)
3(12 44 11)
3(43 48 44)
3(48 42 44)
3(43 42 48)
3(46 13 14)
3(14 42 20)
3(14 20 47)
3(43 16 44)
3(43 48 16)
3(48 44 16)
3(17 44 43)
3(17 16 44)
3(43 45 17)
3(17 45 18)
3(1 47 20)
3(0 20 42)
3(0 10 20)
3(48 11 44)
3(15 48 43)
3(48 10 43)
3(15 10 48)
3(0 20 14)
3(17 44 45)
3(15 48 16)
3(48 16 36)
3(34 36 16)
3(48 34 16)
3(48 36 34)
3(15 34 48)
3(48 34 52)
3(15 48 52)
3(15 52 34)
3(21 54 25)
3(49 54 21)
3(49 25 54)
3(1 51 15)
3(10 15 51)
3(5 54 25)
3(36 11 6)
3(36 29 11)
3(1 20 22)
3(1 50 20)
3(50 22 20)
3(1 22 50)
3(47 54 49)
3(14 49 54)
3(14 54 47)
3(14 47 49)
3(38 56 44)
3(38 44 29)
3(56 29 44)
3(38 16 44)
3(38 44 17)
3(27 26 20)
3(50 20 26)
3(27 20 50)
3(45 32 28)
3(41 28 32)
3(41 45 28)
3(41 32 45)
3(41 39 45)
3(41 45 53)
3(39 53 45)
3(38 16 36)
3(44 36 16)
3(38 36 44)
3(30 36 11)
3(13 33 46)
3(46 33 14)
3(16 36 7)
3(10 30 52)
3(10 48 30)
3(48 52 30)
3(10 52 48)
3(54 14 33)
3(54 5 14)
3(46 53 18)
3(46 40 53)
3(40 18 53)
3(46 18 40)
3(17 56 38)
3(37 56 17)
3(46 53 33)
3(13 53 46)
3(13 33 53)
3(31 52 10)
3(54 33 46)
3(54 46 53)
3(36 48 44)
3(45 18 55)
3(37 55 18)
3(45 55 37)
3(45 37 18)
3(24 10 31)
3(52 10 24)
3(54 14 46)
3(19 47 22)
3(1 22 47)
3(30 11 48)
3(56 44 17)
3(46 45 53)
3(13 53 45)
3(52 24 15)
3(35 52 15)
3(35 15 24)
3(56 44 45)
3(56 45 17)
3(49 4 54)
3(54 4 47)
3(49 47 4)
3(19 4 54)
3(19 54 40)
3(2 10 24)
3(24 10 51)
3(2 51 10)
3(0 20 27)
3(0 26 20)
3(13 45 32)
3(13 28 45)
3(48 34 30)
3(15 3 51)
3(15 51 23)
3(45 53 18)
3(49 14 26)
3(20 26 14)
3(20 49 26)
3(20 14 49)
3(19 4 47)
3(54 19 47)
3(41 45 55)
3(28 55 45)
3(39 55 41)
3(39 45 55)
3(15 10 52)
3(39 55 9)
3(27 20 10)
3(27 51 20)
3(27 10 51)
3(36 44 29)
3(39 45 18)
3(39 18 55)
3(29 11 44)
3(36 44 11)
3(32 45 53)
3(46 40 54)
3(56 12 29)
3(56 28 12)
3(25 49 14)
3(39 53 18)
3(22 4 47)
3(47 22 20)
3(49 22 47)
3(49 20 22)
3(49 47 20)
3(12 44 29)
3(10 24 15)
3(46 40 19)
3(46 19 54)
3(18 55 9)
3(51 15 24)
3(3 24 15)
3(14 54 25)
3(23 1 51)
3(56 45 55)
3(37 45 56)
3(12 44 56)
3(28 56 45)
3(56 45 12)
3(28 12 45)
3(32 13 53)
3(37 45 17)
3(48 36 11)
3(30 36 48)
3(54 47 46)
3(20 51 50)
3(50 51 1)
3(50 20 49)
3(23 50 1)
3(15 43 1)
3(19 43 18)
3(19 1 43)
3(13 12 42)
3(10 42 11)
3(42 12 11)
3(13 42 14)
3(17 43 16)
3(43 17 18)
3(0 42 10)
3(0 14 42)
3(15 16 43)
3(49 21 25)
3(21 5 25)
3(21 54 5)
3(6 11 29)
3(36 6 29)
3(38 29 56)
3(38 17 16)
3(27 50 26)
3(41 53 39)
3(30 6 36)
3(30 11 6)
3(13 14 33)
3(7 36 38)
3(16 7 38)
3(14 5 33)
3(54 33 5)
3(37 38 56)
3(37 17 38)
3(30 31 10)
3(30 52 31)
3(54 53 33)
3(52 24 31)
3(19 22 1)
3(30 10 11)
3(35 24 52)
3(34 7 16)
3(36 7 34)
3(4 40 54)
3(19 40 4)
3(2 24 51)
3(0 27 26)
3(13 32 28)
3(15 34 16)
3(4 21 49)
3(4 54 21)
3(2 10 31)
3(2 31 24)
3(52 30 34)
3(23 51 3)
3(15 23 3)
3(8 32 41)
3(28 8 41)
3(28 32 8)
3(28 41 55)
3(41 9 55)
3(39 9 41)
3(38 36 29)
3(32 53 41)
3(54 40 53)
3(28 29 12)
3(56 29 28)
3(25 26 49)
3(25 14 26)
3(19 4 22)
3(12 29 11)
3(39 18 9)
3(35 34 15)
3(52 34 35)
3(51 24 3)
3(5 14 25)
3(22 4 49)
3(23 15 1)
3(39 40 18)
3(39 53 40)
3(19 18 40)
3(0 10 27)
3(37 55 9)
3(37 9 18)
3(37 56 55)
3(28 55 56)
3(26 14 0)
3(17 37 18)
3(3 35 15)
3(3 24 35)
3(50 49 26)
3(50 22 49)
3(13 28 12)
3(27 51 50)
3(23 1 22)
3(23 22 50)
3(2 51 27)
3(2 27 10)
3(32 33 53)
3(32 13 33)
3(50 51 23)
3(30 36 34)
)


// ************************************************************************* //
