/*--------------------------------*- C++ -*----------------------------------*\
  =========                 |
  \\      /  F ield         | OpenFOAM: The Open Source CFD Toolbox
   \\    /   O peration     | Website:  https://openfoam.org
    \\  /    A nd           | Version:  12
     \\/     M anipulation  |
\*---------------------------------------------------------------------------*/
FoamFile
{
    format      ascii;
    class       labelList;
    note        "nPoints: 57 nCells: 137 nFaces: 323 nInternalFaces: 225";
    location    "constant/polyMesh";
    object      neighbour;
}
// * * * * * * * * * * * * * * * * * * * * * * * * * * * * * * * * * * * * * //


225
(
4
11
12
133
3
11
23
77
3
5
18
29
4
13
8
9
14
17
116
7
10
15
24
27
35
19
20
122
10
20
24
25
31
107
24
60
14
19
63
127
35
85
124
26
31
61
26
96
21
26
31
47
28
132
22
30
56
29
41
29
119
103
28
108
131
30
31
83
115
65
72
56
66
72
136
72
75
83
100
36
73
109
105
121
102
46
88
103
124
126
129
67
109
122
132
62
86
112
45
62
70
125
128
71
79
81
89
82
89
93
48
56
86
120
53
59
66
54
61
75
83
59
102
77
90
106
107
62
118
55
63
134
58
59
90
131
87
110
111
119
74
97
122
94
103
120
65
77
117
97
100
123
116
118
73
80
104
80
98
74
121
130
108
115
117
127
136
101
105
93
92
115
125
132
94
133
82
113
84
87
97
99
108
128
130
88
93
99
96
131
117
98
112
114
109
106
104
103
104
126
132
112
121
107
133
110
121
123
109
135
113
118
116
114
116
127
134
119
131
136
133
128
135
126
135
)


// ************************************************************************* //
